# omega, I_qq' (qq'= -1-1 -10 -11 0-1 00 01 1-1 10 11)
  357.83254   0.0020831   0.0000000  -0.0000000  -0.0000000   0.0018158  -0.0000000   0.0000000   0.0000000   0.0020831
  357.90057   0.0019855   0.0000000  -0.0000000  -0.0000000   0.0017328  -0.0000000   0.0000000   0.0000000   0.0019855
  357.96860   0.0018979   0.0000000  -0.0000000  -0.0000000   0.0016583  -0.0000000   0.0000000   0.0000000   0.0018979
  358.03663   0.0018191   0.0000000  -0.0000000  -0.0000000   0.0015914  -0.0000000   0.0000000   0.0000000   0.0018191
  358.10466   0.0017480   0.0000000  -0.0000000  -0.0000000   0.0015311  -0.0000000   0.0000000   0.0000000   0.0017480
  358.17268   0.0016839   0.0000000  -0.0000000  -0.0000000   0.0014767  -0.0000000   0.0000000   0.0000000   0.0016839
  358.24071   0.0016259   0.0000000  -0.0000000  -0.0000000   0.0014275  -0.0000000   0.0000000   0.0000000   0.0016259
  358.30874   0.0015733   0.0000000  -0.0000000  -0.0000000   0.0013830  -0.0000000   0.0000000   0.0000000   0.0015733
  358.37677   0.0015256   0.0000000  -0.0000000  -0.0000000   0.0013428  -0.0000000   0.0000000   0.0000000   0.0015256
  358.44480   0.0014823   0.0000000  -0.0000000  -0.0000000   0.0013068  -0.0000000   0.0000000   0.0000000   0.0014823
  358.51283   0.0014443   0.0000000   0.0000000  -0.0000000   0.0012805  -0.0000000  -0.0000000   0.0000000   0.0014443
  358.58086   0.0014078   0.0000000   0.0000000  -0.0000000   0.0012559  -0.0000000  -0.0000000   0.0000000   0.0014078
  358.64889   0.0013731   0.0000000  -0.0000000  -0.0000000   0.0012137  -0.0000000   0.0000000   0.0000000   0.0013731
  358.71692   0.0013429   0.0000000  -0.0000000  -0.0000000   0.0011883  -0.0000000   0.0000000   0.0000000   0.0013429
  358.78495   0.0013152   0.0000000  -0.0000000  -0.0000000   0.0011650  -0.0000000   0.0000000   0.0000000   0.0013152
  358.85297   0.0012898   0.0000000  -0.0000000  -0.0000000   0.0011438  -0.0000000   0.0000000   0.0000000   0.0012898
  358.92100   0.0012671   0.0000000  -0.0000000  -0.0000000   0.0011250  -0.0000000   0.0000000   0.0000000   0.0012671
  358.98903   0.0012465   0.0000000  -0.0000000  -0.0000000   0.0011079  -0.0000000   0.0000000   0.0000000   0.0012465
  359.05706   0.0012280   0.0000000  -0.0000000  -0.0000000   0.0010927  -0.0000000   0.0000000   0.0000000   0.0012280
  359.12509   0.0012118   0.0000000  -0.0000000  -0.0000000   0.0010795  -0.0000000   0.0000000   0.0000000   0.0012118
  359.19312   0.0011978   0.0000000  -0.0000000  -0.0000000   0.0010682  -0.0000000   0.0000000   0.0000000   0.0011978
  359.26115   0.0011862   0.0000000  -0.0000000  -0.0000000   0.0010590  -0.0000000   0.0000000   0.0000000   0.0011862
  359.32918   0.0011772   0.0000000  -0.0000000  -0.0000000   0.0010522  -0.0000000   0.0000000   0.0000000   0.0011772
  359.39721   0.0011713   0.0000000  -0.0000000  -0.0000000   0.0010481  -0.0000000   0.0000000   0.0000000   0.0011713
  359.46524   0.0011689   0.0000000  -0.0000000  -0.0000000   0.0010472  -0.0000000   0.0000000   0.0000000   0.0011689
  359.53326   0.0011709   0.0000000  -0.0000000  -0.0000000   0.0010501  -0.0000000   0.0000000   0.0000000   0.0011709
  359.60129   0.0011786   0.0000000  -0.0000000  -0.0000000   0.0010581  -0.0000000   0.0000000   0.0000000   0.0011786
  359.66932   0.0011937   0.0000000  -0.0000000  -0.0000000   0.0010725  -0.0000000   0.0000000   0.0000000   0.0011937
  359.73735   0.0012186   0.0000000  -0.0000000  -0.0000000   0.0010954  -0.0000000   0.0000000   0.0000000   0.0012186
  359.80538   0.0012569   0.0000000  -0.0000000  -0.0000000   0.0011297  -0.0000000   0.0000000   0.0000000   0.0012569
  359.87341   0.0013131   0.0000000  -0.0000000  -0.0000000   0.0011791  -0.0000000   0.0000000   0.0000000   0.0013131
  359.94144   0.0013923   0.0000000  -0.0000000  -0.0000000   0.0012476  -0.0000000   0.0000000   0.0000000   0.0013923
  360.00947   0.0014987  -0.0000000  -0.0000000   0.0000000   0.0013385   0.0000000   0.0000000  -0.0000000   0.0014987
  360.07750   0.0016309  -0.0000000  -0.0000000   0.0000000   0.0014511   0.0000000   0.0000000  -0.0000000   0.0016309
  360.14553   0.0017759  -0.0000000  -0.0000000   0.0000000   0.0015764   0.0000000   0.0000000  -0.0000000   0.0017759
  360.21355   0.0019071  -0.0000000  -0.0000000   0.0000000   0.0016951   0.0000000   0.0000000  -0.0000000   0.0019071
  360.28158   0.0019952  -0.0000000  -0.0000000   0.0000000   0.0017841   0.0000000   0.0000000  -0.0000000   0.0019952
  360.34961   0.0020275  -0.0000000  -0.0000000   0.0000000   0.0018298   0.0000000   0.0000000  -0.0000000   0.0020275
  360.41764   0.0020135  -0.0000000  -0.0000000   0.0000000   0.0018337   0.0000000   0.0000000  -0.0000000   0.0020135
  360.48567   0.0019730  -0.0000000  -0.0000000   0.0000000   0.0018059   0.0000000   0.0000000  -0.0000000   0.0019730
  360.55370   0.0019254  -0.0000000  -0.0000000   0.0000000   0.0017650   0.0000000   0.0000000  -0.0000000   0.0019254
  360.62173   0.0018839  -0.0000000  -0.0000000   0.0000000   0.0017278   0.0000000   0.0000000  -0.0000000   0.0018839
  360.68976   0.0018546  -0.0000000  -0.0000000   0.0000000   0.0017013   0.0000000   0.0000000  -0.0000000   0.0018546
  360.75779   0.0018397  -0.0000000  -0.0000000   0.0000000   0.0016872   0.0000000   0.0000000  -0.0000000   0.0018397
  360.82582   0.0018397  -0.0000000  -0.0000000   0.0000000   0.0016861   0.0000000   0.0000000  -0.0000000   0.0018397
  360.89384   0.0018551  -0.0000000  -0.0000000   0.0000000   0.0016984   0.0000000   0.0000000  -0.0000000   0.0018551
  360.96187   0.0018864  -0.0000000  -0.0000000   0.0000000   0.0017245   0.0000000   0.0000000  -0.0000000   0.0018864
  361.02990   0.0019343  -0.0000000  -0.0000000   0.0000000   0.0017650   0.0000000   0.0000000  -0.0000000   0.0019343
  361.09793   0.0020001  -0.0000000  -0.0000000   0.0000000   0.0018209   0.0000000   0.0000000  -0.0000000   0.0020001
  361.16596   0.0020851  -0.0000000  -0.0000000   0.0000000   0.0018934   0.0000000   0.0000000  -0.0000000   0.0020851
  361.23399   0.0021911  -0.0000000  -0.0000000   0.0000000   0.0019839   0.0000000   0.0000000  -0.0000000   0.0021911
  361.30202   0.0023194  -0.0000000  -0.0000000   0.0000000   0.0020937   0.0000000   0.0000000  -0.0000000   0.0023194
  361.37005   0.0024708  -0.0000000  -0.0000000   0.0000000   0.0022236   0.0000000   0.0000000  -0.0000000   0.0024708
  361.43808   0.0026444  -0.0000000  -0.0000000   0.0000000   0.0023730   0.0000000   0.0000000  -0.0000000   0.0026444
  361.50611   0.0028367  -0.0000000  -0.0000000   0.0000000   0.0025397   0.0000000   0.0000000  -0.0000000   0.0028367
  361.57413   0.0030405  -0.0000000  -0.0000000   0.0000000   0.0027184   0.0000000   0.0000000  -0.0000000   0.0030405
  361.64216   0.0032444  -0.0000000  -0.0000000   0.0000000   0.0029006   0.0000000   0.0000000  -0.0000000   0.0032444
  361.71019   0.0034339  -0.0000000  -0.0000000   0.0000000   0.0030750   0.0000000   0.0000000  -0.0000000   0.0034339
  361.77822   0.0035934  -0.0000000  -0.0000000   0.0000000   0.0032291   0.0000000   0.0000000  -0.0000000   0.0035934
  361.84625   0.0037106  -0.0000000  -0.0000000   0.0000000   0.0033528   0.0000000   0.0000000  -0.0000000   0.0037106
  361.91428   0.0037801  -0.0000000  -0.0000000   0.0000000   0.0034414   0.0000000   0.0000000  -0.0000000   0.0037801
  361.98231   0.0038051  -0.0000000  -0.0000000   0.0000000   0.0034973   0.0000000   0.0000000  -0.0000000   0.0038051
  362.05034   0.0037964  -0.0000000  -0.0000000   0.0000000   0.0035314   0.0000000   0.0000000  -0.0000000   0.0037964
  362.11837   0.0037705  -0.0000000  -0.0000000   0.0000000   0.0035614   0.0000000   0.0000000  -0.0000000   0.0037705
  362.18640   0.0037321  -0.0000000  -0.0000000   0.0000000   0.0035819   0.0000000   0.0000000  -0.0000000   0.0037321
  362.25442   0.0036698  -0.0000000  -0.0000000   0.0000000   0.0035574   0.0000000   0.0000000  -0.0000000   0.0036698
  362.32245   0.0036083  -0.0000000  -0.0000000   0.0000000   0.0035283   0.0000000   0.0000000  -0.0000000   0.0036083
  362.39048   0.0035688  -0.0000000  -0.0000000   0.0000000   0.0035309   0.0000000   0.0000000  -0.0000000   0.0035688
  362.45851   0.0035534  -0.0000000  -0.0000000   0.0000000   0.0035655   0.0000000   0.0000000  -0.0000000   0.0035534
  362.52654   0.0035617  -0.0000000  -0.0000000   0.0000000   0.0036289   0.0000000   0.0000000  -0.0000000   0.0035617
  362.59457   0.0035945  -0.0000000  -0.0000000   0.0000000   0.0037219   0.0000000   0.0000000  -0.0000000   0.0035945
  362.66260   0.0036532  -0.0000000  -0.0000000   0.0000000   0.0038463   0.0000000   0.0000000  -0.0000000   0.0036532
  362.73063   0.0037392  -0.0000000  -0.0000000   0.0000000   0.0040046   0.0000000   0.0000000  -0.0000000   0.0037392
  362.79866   0.0038546  -0.0000000  -0.0000000   0.0000000   0.0042000   0.0000000   0.0000000  -0.0000000   0.0038546
  362.86669   0.0040016  -0.0000000  -0.0000000   0.0000000   0.0044366   0.0000000   0.0000000  -0.0000000   0.0040016
  362.93471   0.0041832  -0.0000000  -0.0000000   0.0000000   0.0047192   0.0000000   0.0000000  -0.0000000   0.0041832
  363.00274   0.0044032  -0.0000000  -0.0000000   0.0000000   0.0050537   0.0000000   0.0000000  -0.0000000   0.0044032
  363.07077   0.0046661  -0.0000000  -0.0000000   0.0000000   0.0054472   0.0000000   0.0000000  -0.0000000   0.0046661
  363.13880   0.0049774  -0.0000000  -0.0000000   0.0000000   0.0059084   0.0000000   0.0000000  -0.0000000   0.0049774
  363.20683   0.0053441  -0.0000000  -0.0000000   0.0000000   0.0064478   0.0000000   0.0000000  -0.0000000   0.0053441
  363.27486   0.0057745  -0.0000000  -0.0000000   0.0000000   0.0070778   0.0000000   0.0000000  -0.0000000   0.0057745
  363.34289   0.0062786  -0.0000000  -0.0000000   0.0000000   0.0078135   0.0000000   0.0000000  -0.0000000   0.0062786
  363.41092   0.0068687  -0.0000000  -0.0000000   0.0000000   0.0086728   0.0000000   0.0000000  -0.0000000   0.0068687
  363.47895   0.0075595  -0.0000000  -0.0000000   0.0000000   0.0096771   0.0000000   0.0000000  -0.0000000   0.0075595
  363.54698   0.0083690  -0.0000000  -0.0000000   0.0000000   0.0108519   0.0000000   0.0000000  -0.0000000   0.0083690
  363.61500   0.0093189  -0.0000000  -0.0000000   0.0000000   0.0122274   0.0000000   0.0000000  -0.0000000   0.0093189
  363.68303   0.0104357  -0.0000000  -0.0000000   0.0000000   0.0138399   0.0000000   0.0000000  -0.0000000   0.0104357
  363.75106   0.0117518  -0.0000000  -0.0000000   0.0000000   0.0157323   0.0000000   0.0000000  -0.0000000   0.0117518
  363.81909   0.0133069  -0.0000000  -0.0000000   0.0000000   0.0179570   0.0000000   0.0000000  -0.0000000   0.0133069
  363.88712   0.0151506  -0.0000000  -0.0000000   0.0000000   0.0205783   0.0000000   0.0000000  -0.0000000   0.0151506
  363.95515   0.0173444  -0.0000000  -0.0000000   0.0000000   0.0236766   0.0000000   0.0000000  -0.0000000   0.0173444
  364.02318   0.0199660  -0.0000000  -0.0000000   0.0000000   0.0273545   0.0000000   0.0000000  -0.0000000   0.0199660
  364.09121   0.0231132  -0.0000000  -0.0000000   0.0000000   0.0317431   0.0000000   0.0000000  -0.0000000   0.0231132
  364.15924   0.0269084  -0.0000000  -0.0000000   0.0000000   0.0370086   0.0000000   0.0000000  -0.0000000   0.0269084
  364.22727   0.0315036  -0.0000000  -0.0000000   0.0000000   0.0433567   0.0000000   0.0000000  -0.0000000   0.0315036
  364.29529   0.0370823  -0.0000000  -0.0000000   0.0000000   0.0510311   0.0000000   0.0000000  -0.0000000   0.0370823
  364.36332   0.0438588  -0.0000000  -0.0000000   0.0000000   0.0603018   0.0000000   0.0000000  -0.0000000   0.0438588
  364.43135   0.0520678  -0.0000000  -0.0000000   0.0000000   0.0714350   0.0000000   0.0000000  -0.0000000   0.0520678
  364.49938   0.0619406  -0.0000000   0.0000000   0.0000000   0.0846304   0.0000000  -0.0000000  -0.0000000   0.0619406
  364.56741   0.0736570  -0.0000000   0.0000000   0.0000000   0.0999138   0.0000000  -0.0000000  -0.0000000   0.0736570
  364.63544   0.0872693   0.0000000   0.0000000  -0.0000000   0.1169770  -0.0000000  -0.0000000   0.0000000   0.0872693
  364.70347   0.1026087   0.0000000   0.0000000  -0.0000000   0.1349982  -0.0000000  -0.0000000   0.0000000   0.1026087
  364.77150   0.1192098   0.0000000   0.0000000  -0.0000000   0.1525354  -0.0000000  -0.0000000   0.0000000   0.1192098
  364.83953   0.1363140   0.0000000   0.0000000  -0.0000000   0.1676558  -0.0000000  -0.0000000   0.0000000   0.1363140
  364.90756   0.1529753   0.0000000   0.0000000  -0.0000000   0.1783999  -0.0000000  -0.0000000   0.0000000   0.1529753
  364.97558   0.1681846   0.0000000   0.0000000  -0.0000000   0.1834508  -0.0000000  -0.0000000   0.0000000   0.1681846
  365.04361   0.1808650   0.0000000   0.0000000  -0.0000000   0.1826163  -0.0000000  -0.0000000   0.0000000   0.1808650
  365.11164   0.1897654   0.0000000   0.0000000  -0.0000000   0.1767977  -0.0000000  -0.0000000   0.0000000   0.1897654
  365.17967   0.1935796   0.0000000   0.0000000  -0.0000000   0.1675171  -0.0000000  -0.0000000   0.0000000   0.1935796
  365.24770   0.1915196   0.0000000   0.0000000  -0.0000000   0.1563576  -0.0000000  -0.0000000   0.0000000   0.1915196
  365.31573   0.1839404   0.0000000   0.0000000  -0.0000000   0.1446010  -0.0000000  -0.0000000   0.0000000   0.1839404
  365.38376   0.1723283   0.0000000   0.0000000  -0.0000000   0.1331151  -0.0000000  -0.0000000   0.0000000   0.1723283
  365.45179   0.1586262   0.0000000   0.0000000  -0.0000000   0.1223995  -0.0000000  -0.0000000   0.0000000   0.1586262
  365.51982   0.1445194   0.0000000   0.0000000  -0.0000000   0.1126875  -0.0000000  -0.0000000   0.0000000   0.1445194
  365.58785   0.1311143  -0.0000000   0.0000000   0.0000000   0.1040439   0.0000000  -0.0000000  -0.0000000   0.1311143
  365.65587   0.1189719  -0.0000000   0.0000000   0.0000000   0.0964387   0.0000000  -0.0000000  -0.0000000   0.1189719
  365.72390   0.1082775  -0.0000000   0.0000000   0.0000000   0.0897956   0.0000000  -0.0000000  -0.0000000   0.1082775
  365.79193   0.0990067  -0.0000000   0.0000000   0.0000000   0.0840210   0.0000000  -0.0000000  -0.0000000   0.0990067
  365.85996   0.0910366  -0.0000000   0.0000000   0.0000000   0.0790197   0.0000000  -0.0000000  -0.0000000   0.0910366
  365.92799   0.0842118  -0.0000000   0.0000000   0.0000000   0.0747038   0.0000000  -0.0000000  -0.0000000   0.0842118
  365.99602   0.0783770  -0.0000000   0.0000000   0.0000000   0.0709959   0.0000000  -0.0000000  -0.0000000   0.0783770
  366.06405   0.0733916  -0.0000000   0.0000000   0.0000000   0.0678303   0.0000000  -0.0000000  -0.0000000   0.0733916
  366.13208   0.0691350  -0.0000000   0.0000000   0.0000000   0.0651538   0.0000000  -0.0000000  -0.0000000   0.0691350
  366.20011   0.0655067  -0.0000000   0.0000000   0.0000000   0.0629247   0.0000000  -0.0000000  -0.0000000   0.0655067
  366.26814   0.0624248  -0.0000000   0.0000000   0.0000000   0.0611128   0.0000000  -0.0000000  -0.0000000   0.0624248
  366.33616   0.0598242  -0.0000000   0.0000000   0.0000000   0.0596993   0.0000000  -0.0000000  -0.0000000   0.0598242
  366.40419   0.0576543  -0.0000000   0.0000000   0.0000000   0.0586767   0.0000000  -0.0000000  -0.0000000   0.0576543
  366.47222   0.0558780  -0.0000000   0.0000000   0.0000000   0.0580504   0.0000000  -0.0000000  -0.0000000   0.0558780
  366.54025   0.0544702  -0.0000000   0.0000000   0.0000000   0.0578400   0.0000000  -0.0000000  -0.0000000   0.0544702
  366.60828   0.0534179  -0.0000000   0.0000000   0.0000000   0.0580825   0.0000000  -0.0000000  -0.0000000   0.0534179
  366.67631   0.0527203  -0.0000000   0.0000000   0.0000000   0.0588372   0.0000000  -0.0000000  -0.0000000   0.0527203
  366.74434   0.0523906  -0.0000000   0.0000000   0.0000000   0.0601929   0.0000000  -0.0000000  -0.0000000   0.0523906
  366.81237   0.0524581  -0.0000000   0.0000000   0.0000000   0.0622791   0.0000000  -0.0000000  -0.0000000   0.0524581
  366.88040   0.0529740  -0.0000000   0.0000000   0.0000000   0.0652841   0.0000000  -0.0000000  -0.0000000   0.0529740
  366.94843   0.0540182  -0.0000000   0.0000000   0.0000000   0.0694825   0.0000000  -0.0000000  -0.0000000   0.0540182
  367.01645   0.0557121  -0.0000000   0.0000000   0.0000000   0.0752796   0.0000000  -0.0000000  -0.0000000   0.0557121
  367.08448   0.0582392  -0.0000000   0.0000000   0.0000000   0.0832847   0.0000000  -0.0000000  -0.0000000   0.0582392
  367.15251   0.0618785  -0.0000000   0.0000000   0.0000000   0.0944316   0.0000000  -0.0000000  -0.0000000   0.0618785
  367.22054   0.0670597  -0.0000000   0.0000000   0.0000000   0.1101798   0.0000000  -0.0000000  -0.0000000   0.0670597
  367.28857   0.0744528  -0.0000000   0.0000000   0.0000000   0.1328411   0.0000000  -0.0000000  -0.0000000   0.0744528
  367.35660   0.0850981  -0.0000000   0.0000000   0.0000000   0.1660544   0.0000000  -0.0000000  -0.0000000   0.0850981
  367.42463   0.1005255  -0.0000000   0.0000000   0.0000000   0.2151858   0.0000000  -0.0000000  -0.0000000   0.1005255
  367.49266   0.1225238  -0.0000000   0.0000000   0.0000000   0.2862915   0.0000000  -0.0000000  -0.0000000   0.1225238
  367.56069   0.1513368  -0.0000000  -0.0000000   0.0000000   0.3787029   0.0000000   0.0000000  -0.0000000   0.1513368
  367.62872   0.1807178  -0.0000000  -0.0000000   0.0000000   0.4649236   0.0000000   0.0000000  -0.0000000   0.1807178
  367.69674   0.1970036  -0.0000000  -0.0000000   0.0000000   0.4863689   0.0000000   0.0000000  -0.0000000   0.1970036
  367.76477   0.1971056  -0.0000000  -0.0000000   0.0000000   0.4243913   0.0000000   0.0000000  -0.0000000   0.1971056
  367.83280   0.1965482  -0.0000000  -0.0000000   0.0000000   0.3308687   0.0000000   0.0000000  -0.0000000   0.1965482
  367.90083   0.2104158  -0.0000000  -0.0000000   0.0000000   0.2498725   0.0000000   0.0000000  -0.0000000   0.2104158
  367.96886   0.2469398  -0.0000000  -0.0000000   0.0000000   0.1912130   0.0000000   0.0000000  -0.0000000   0.2469398
  368.03689   0.3097364  -0.0000000  -0.0000000   0.0000000   0.1507092   0.0000000   0.0000000  -0.0000000   0.3097364
  368.10492   0.3873067  -0.0000000  -0.0000000   0.0000000   0.1226846   0.0000000   0.0000000  -0.0000000   0.3873067
  368.17295   0.4324200  -0.0000000  -0.0000000   0.0000000   0.1029194   0.0000000   0.0000000  -0.0000000   0.4324200
  368.24098   0.3986852  -0.0000000  -0.0000000   0.0000000   0.0886507   0.0000000   0.0000000  -0.0000000   0.3986852
  368.30901   0.3159826  -0.0000000  -0.0000000   0.0000000   0.0781174   0.0000000   0.0000000  -0.0000000   0.3159826
  368.37703   0.2370094  -0.0000000  -0.0000000   0.0000000   0.0701909   0.0000000   0.0000000  -0.0000000   0.2370094
  368.44506   0.1792244  -0.0000000  -0.0000000   0.0000000   0.0641363   0.0000000   0.0000000  -0.0000000   0.1792244
  368.51309   0.1399453  -0.0000000  -0.0000000   0.0000000   0.0594647   0.0000000   0.0000000  -0.0000000   0.1399453
  368.58112   0.1133482  -0.0000000  -0.0000000   0.0000000   0.0558460   0.0000000   0.0000000  -0.0000000   0.1133482
  368.64915   0.0949957  -0.0000000  -0.0000000   0.0000000   0.0530540   0.0000000   0.0000000  -0.0000000   0.0949957
  368.71718   0.0820338  -0.0000000  -0.0000000   0.0000000   0.0509330   0.0000000   0.0000000  -0.0000000   0.0820338
  368.78521   0.0726896  -0.0000000  -0.0000000   0.0000000   0.0493765   0.0000000   0.0000000  -0.0000000   0.0726896
  368.85324   0.0658569  -0.0000000  -0.0000000   0.0000000   0.0483137   0.0000000   0.0000000  -0.0000000   0.0658569
  368.92127   0.0608352  -0.0000000  -0.0000000   0.0000000   0.0477011   0.0000000   0.0000000  -0.0000000   0.0608352
  368.98930   0.0571742  -0.0000000  -0.0000000   0.0000000   0.0475175   0.0000000   0.0000000  -0.0000000   0.0571742
  369.05732   0.0545834  -0.0000000  -0.0000000   0.0000000   0.0477619   0.0000000   0.0000000  -0.0000000   0.0545834
  369.12535   0.0528794  -0.0000000  -0.0000000   0.0000000   0.0484532   0.0000000   0.0000000  -0.0000000   0.0528794
  369.19338   0.0519532  -0.0000000  -0.0000000   0.0000000   0.0496312   0.0000000   0.0000000  -0.0000000   0.0519532
  369.26141   0.0517521  -0.0000000  -0.0000000   0.0000000   0.0513584   0.0000000   0.0000000  -0.0000000   0.0517521
  369.32944   0.0522679  -0.0000000  -0.0000000   0.0000000   0.0537210   0.0000000   0.0000000  -0.0000000   0.0522679
  369.39747   0.0535292  -0.0000000  -0.0000000   0.0000000   0.0568271   0.0000000   0.0000000  -0.0000000   0.0535292
  369.46550   0.0555950  -0.0000000  -0.0000000   0.0000000   0.0608007   0.0000000   0.0000000  -0.0000000   0.0555950
  369.53353   0.0585457  -0.0000000  -0.0000000   0.0000000   0.0657653   0.0000000   0.0000000  -0.0000000   0.0585457
  369.60156   0.0624679  -0.0000000  -0.0000000   0.0000000   0.0718132   0.0000000   0.0000000  -0.0000000   0.0624679
  369.66959   0.0674284   0.0000000   0.0000000  -0.0000000   0.0789505  -0.0000000  -0.0000000   0.0000000   0.0674284
  369.73761   0.0734351   0.0000000   0.0000000  -0.0000000   0.0870179  -0.0000000  -0.0000000   0.0000000   0.0734351
  369.80564   0.0803886   0.0000000   0.0000000  -0.0000000   0.0955994  -0.0000000  -0.0000000   0.0000000   0.0803886
  369.87367   0.0880440   0.0000000   0.0000000  -0.0000000   0.1039701  -0.0000000  -0.0000000   0.0000000   0.0880440
  369.94170   0.0960123   0.0000000   0.0000000  -0.0000000   0.1111601  -0.0000000  -0.0000000   0.0000000   0.0960123
  370.00973   0.1038119   0.0000000   0.0000000  -0.0000000   0.1161867  -0.0000000  -0.0000000   0.0000000   0.1038119
  370.07776   0.1109315   0.0000000   0.0000000  -0.0000000   0.1183887  -0.0000000  -0.0000000   0.0000000   0.1109315
  370.14579   0.1168268   0.0000000   0.0000000  -0.0000000   0.1176678  -0.0000000  -0.0000000   0.0000000   0.1168268
  370.21382   0.1208674   0.0000000   0.0000000  -0.0000000   0.1144725  -0.0000000  -0.0000000   0.0000000   0.1208674
  370.28185   0.1223958   0.0000000   0.0000000  -0.0000000   0.1095622  -0.0000000  -0.0000000   0.0000000   0.1223958
  370.34988   0.1210147   0.0000000   0.0000000  -0.0000000   0.1037269  -0.0000000  -0.0000000   0.0000000   0.1210147
  370.41790   0.1168982   0.0000000   0.0000000  -0.0000000   0.0976059  -0.0000000  -0.0000000   0.0000000   0.1168982
  370.48593   0.1107870   0.0000000   0.0000000  -0.0000000   0.0916322  -0.0000000  -0.0000000   0.0000000   0.1107870
  370.55396   0.1036502   0.0000000   0.0000000  -0.0000000   0.0860542  -0.0000000  -0.0000000   0.0000000   0.1036502
  370.62199   0.0963284   0.0000000   0.0000000  -0.0000000   0.0809876  -0.0000000  -0.0000000   0.0000000   0.0963284
  370.69002   0.0893729   0.0000000   0.0000000  -0.0000000   0.0764640  -0.0000000  -0.0000000   0.0000000   0.0893729
  370.75805   0.0830627   0.0000000   0.0000000  -0.0000000   0.0724676  -0.0000000  -0.0000000   0.0000000   0.0830627
  370.82608   0.0774892   0.0000000   0.0000000  -0.0000000   0.0689595  -0.0000000  -0.0000000   0.0000000   0.0774892
  370.89411   0.0726387   0.0000000   0.0000000  -0.0000000   0.0658921  -0.0000000  -0.0000000   0.0000000   0.0726387
  370.96214   0.0684488   0.0000000   0.0000000  -0.0000000   0.0632174  -0.0000000  -0.0000000   0.0000000   0.0684488
  371.03017   0.0648409   0.0000000   0.0000000  -0.0000000   0.0608908  -0.0000000  -0.0000000   0.0000000   0.0648409
  371.09819   0.0617363   0.0000000   0.0000000  -0.0000000   0.0588731  -0.0000000  -0.0000000   0.0000000   0.0617363
  371.16622   0.0590640   0.0000000   0.0000000  -0.0000000   0.0571310  -0.0000000  -0.0000000   0.0000000   0.0590640
  371.23425   0.0567630   0.0000000   0.0000000  -0.0000000   0.0556374  -0.0000000  -0.0000000   0.0000000   0.0567630
  371.30228   0.0547823   0.0000000   0.0000000  -0.0000000   0.0543712  -0.0000000  -0.0000000   0.0000000   0.0547823
  371.37031   0.0530804   0.0000000   0.0000000  -0.0000000   0.0533168  -0.0000000  -0.0000000   0.0000000   0.0530804
  371.43834   0.0516242   0.0000000   0.0000000  -0.0000000   0.0524645  -0.0000000  -0.0000000   0.0000000   0.0516242
  371.50637   0.0503880   0.0000000   0.0000000  -0.0000000   0.0518102  -0.0000000  -0.0000000   0.0000000   0.0503880
  371.57440   0.0493527   0.0000000   0.0000000  -0.0000000   0.0513563  -0.0000000  -0.0000000   0.0000000   0.0493527
  371.64243   0.0485053   0.0000000   0.0000000  -0.0000000   0.0511124  -0.0000000  -0.0000000   0.0000000   0.0485053
  371.71046   0.0478389   0.0000000   0.0000000  -0.0000000   0.0510965  -0.0000000  -0.0000000   0.0000000   0.0478389
  371.77848   0.0473527   0.0000000   0.0000000  -0.0000000   0.0513382  -0.0000000  -0.0000000   0.0000000   0.0473527
  371.84651   0.0470530   0.0000000   0.0000000  -0.0000000   0.0518814  -0.0000000  -0.0000000   0.0000000   0.0470530
  371.91454   0.0469542   0.0000000   0.0000000  -0.0000000   0.0527908  -0.0000000  -0.0000000   0.0000000   0.0469542
  371.98257   0.0470814   0.0000000   0.0000000  -0.0000000   0.0541602  -0.0000000  -0.0000000   0.0000000   0.0470814
  372.05060   0.0474742   0.0000000   0.0000000  -0.0000000   0.0561265  -0.0000000  -0.0000000   0.0000000   0.0474742
  372.11863   0.0481932   0.0000000   0.0000000  -0.0000000   0.0588923  -0.0000000  -0.0000000   0.0000000   0.0481932
  372.18666   0.0493297   0.0000000   0.0000000  -0.0000000   0.0627617  -0.0000000  -0.0000000   0.0000000   0.0493297
  372.25469   0.0510229   0.0000000   0.0000000  -0.0000000   0.0682016  -0.0000000  -0.0000000   0.0000000   0.0510229
  372.32272   0.0534873   0.0000000   0.0000000  -0.0000000   0.0759411  -0.0000000  -0.0000000   0.0000000   0.0534873
  372.39075   0.0570576  -0.0000000   0.0000000   0.0000000   0.0871360   0.0000000  -0.0000000  -0.0000000   0.0570576
  372.45877   0.0622537  -0.0000000   0.0000000   0.0000000   0.1036052   0.0000000  -0.0000000  -0.0000000   0.0622537
  372.52680   0.0698400  -0.0000000   0.0000000   0.0000000   0.1280314   0.0000000  -0.0000000  -0.0000000   0.0698400
  372.59483   0.0807107  -0.0000000   0.0000000   0.0000000   0.1634422   0.0000000  -0.0000000  -0.0000000   0.0807107
  372.66286   0.0949871  -0.0000000  -0.0000000   0.0000000   0.2095029   0.0000000   0.0000000  -0.0000000   0.0949871
  372.73089   0.1095454  -0.0000000  -0.0000000   0.0000000   0.2524645   0.0000000   0.0000000  -0.0000000   0.1095454
  372.79892   0.1175537  -0.0000000  -0.0000000   0.0000000   0.2630341   0.0000000   0.0000000  -0.0000000   0.1175537
  372.86695   0.1174668  -0.0000000  -0.0000000   0.0000000   0.2318871   0.0000000   0.0000000  -0.0000000   0.1174668
  372.93498   0.1170465  -0.0000000  -0.0000000   0.0000000   0.1849616   0.0000000   0.0000000  -0.0000000   0.1170465
  373.00301   0.1238341  -0.0000000  -0.0000000   0.0000000   0.1442923   0.0000000   0.0000000  -0.0000000   0.1238341
  373.07104   0.1419445  -0.0000000  -0.0000000   0.0000000   0.1147831   0.0000000   0.0000000  -0.0000000   0.1419445
  373.13906   0.1731848  -0.0000000  -0.0000000   0.0000000   0.0943421   0.0000000   0.0000000  -0.0000000   0.1731848
  373.20709   0.2118044  -0.0000000  -0.0000000   0.0000000   0.0801293   0.0000000   0.0000000  -0.0000000   0.2118044
  373.27512   0.2341866  -0.0000000  -0.0000000   0.0000000   0.0700330   0.0000000   0.0000000  -0.0000000   0.2341866
  373.34315   0.2171342  -0.0000000  -0.0000000   0.0000000   0.0626693   0.0000000   0.0000000  -0.0000000   0.2171342
  373.41118   0.1755856  -0.0000000  -0.0000000   0.0000000   0.0571550   0.0000000   0.0000000  -0.0000000   0.1755856
  373.47921   0.1358871  -0.0000000  -0.0000000   0.0000000   0.0529226   0.0000000   0.0000000  -0.0000000   0.1358871
  373.54724   0.1067654  -0.0000000  -0.0000000   0.0000000   0.0496007   0.0000000   0.0000000  -0.0000000   0.1067654
  373.61527   0.0868762  -0.0000000  -0.0000000   0.0000000   0.0469404   0.0000000   0.0000000  -0.0000000   0.0868762
  373.68330   0.0733039  -0.0000000  -0.0000000   0.0000000   0.0447711   0.0000000   0.0000000  -0.0000000   0.0733039
  373.75133   0.0638251   0.0000000  -0.0000000  -0.0000000   0.0429733  -0.0000000   0.0000000   0.0000000   0.0638251
  373.81935   0.0570073   0.0000000  -0.0000000  -0.0000000   0.0414616  -0.0000000   0.0000000   0.0000000   0.0570073
  373.88738   0.0519573   0.0000000  -0.0000000  -0.0000000   0.0401736  -0.0000000   0.0000000   0.0000000   0.0519573
  373.95541   0.0481141   0.0000000  -0.0000000  -0.0000000   0.0390631  -0.0000000   0.0000000   0.0000000   0.0481141
  374.02344   0.0451171   0.0000000  -0.0000000  -0.0000000   0.0380953  -0.0000000   0.0000000   0.0000000   0.0451171
  374.09147   0.0427290   0.0000000  -0.0000000  -0.0000000   0.0372434  -0.0000000   0.0000000   0.0000000   0.0427290
  374.15950   0.0407891   0.0000000  -0.0000000  -0.0000000   0.0364868  -0.0000000   0.0000000   0.0000000   0.0407891
  374.22753   0.0391861   0.0000000  -0.0000000  -0.0000000   0.0358094  -0.0000000   0.0000000   0.0000000   0.0391861
  374.29556   0.0378412   0.0000000  -0.0000000  -0.0000000   0.0351981  -0.0000000   0.0000000   0.0000000   0.0378412
  374.36359   0.0366972   0.0000000  -0.0000000  -0.0000000   0.0346428  -0.0000000   0.0000000   0.0000000   0.0366972
  374.43162   0.0357122   0.0000000  -0.0000000  -0.0000000   0.0341350  -0.0000000   0.0000000   0.0000000   0.0357122
  374.49964   0.0348544   0.0000000  -0.0000000  -0.0000000   0.0336679  -0.0000000   0.0000000   0.0000000   0.0348544
  374.56767   0.0341000   0.0000000  -0.0000000  -0.0000000   0.0332359  -0.0000000   0.0000000   0.0000000   0.0341000
  374.63570   0.0334302   0.0000000  -0.0000000  -0.0000000   0.0328344  -0.0000000   0.0000000   0.0000000   0.0334302
  374.70373   0.0328307   0.0000000  -0.0000000  -0.0000000   0.0324594  -0.0000000   0.0000000   0.0000000   0.0328307
  374.77176   0.0322898   0.0000000  -0.0000000  -0.0000000   0.0321077  -0.0000000   0.0000000   0.0000000   0.0322898
  374.83979   0.0317984   0.0000000  -0.0000000  -0.0000000   0.0317764  -0.0000000   0.0000000   0.0000000   0.0317984
  374.90782   0.0313490   0.0000000  -0.0000000  -0.0000000   0.0314633  -0.0000000   0.0000000   0.0000000   0.0313490
  374.97585   0.0309356   0.0000000  -0.0000000  -0.0000000   0.0311663  -0.0000000   0.0000000   0.0000000   0.0309356
  375.04388   0.0305532   0.0000000  -0.0000000  -0.0000000   0.0308836  -0.0000000   0.0000000   0.0000000   0.0305532
  375.11191   0.0301976   0.0000000  -0.0000000  -0.0000000   0.0306137  -0.0000000   0.0000000   0.0000000   0.0301976
  375.17993   0.0298653   0.0000000  -0.0000000  -0.0000000   0.0303554  -0.0000000   0.0000000   0.0000000   0.0298653
  375.24796   0.0295535   0.0000000  -0.0000000  -0.0000000   0.0301075  -0.0000000   0.0000000   0.0000000   0.0295535
  375.31599   0.0292597   0.0000000  -0.0000000  -0.0000000   0.0298689  -0.0000000   0.0000000   0.0000000   0.0292597
  375.38402   0.0289819   0.0000000  -0.0000000  -0.0000000   0.0296389  -0.0000000   0.0000000   0.0000000   0.0289819
  375.45205   0.0287181   0.0000000  -0.0000000  -0.0000000   0.0294166  -0.0000000   0.0000000   0.0000000   0.0287181
  375.52008   0.0284669   0.0000000  -0.0000000  -0.0000000   0.0292014  -0.0000000   0.0000000   0.0000000   0.0284669
  375.58811   0.0282270   0.0000000  -0.0000000  -0.0000000   0.0289926  -0.0000000   0.0000000   0.0000000   0.0282270
  375.65614   0.0279972   0.0000000  -0.0000000  -0.0000000   0.0287896  -0.0000000   0.0000000   0.0000000   0.0279972
  375.72417   0.0277765   0.0000000  -0.0000000  -0.0000000   0.0285921  -0.0000000   0.0000000   0.0000000   0.0277765
  375.79220   0.0275639   0.0000000  -0.0000000  -0.0000000   0.0283996  -0.0000000   0.0000000   0.0000000   0.0275639
  375.86022   0.0273588   0.0000000  -0.0000000  -0.0000000   0.0282116  -0.0000000   0.0000000   0.0000000   0.0273588
  375.92825   0.0271605   0.0000000  -0.0000000  -0.0000000   0.0280279  -0.0000000   0.0000000   0.0000000   0.0271605
  375.99628   0.0269682   0.0000000  -0.0000000  -0.0000000   0.0278480  -0.0000000   0.0000000   0.0000000   0.0269682
  376.06431   0.0267816   0.0000000  -0.0000000  -0.0000000   0.0276718  -0.0000000   0.0000000   0.0000000   0.0267816
  376.13234   0.0266001   0.0000000  -0.0000000  -0.0000000   0.0274990  -0.0000000   0.0000000   0.0000000   0.0266001
  376.20037   0.0264233   0.0000000  -0.0000000  -0.0000000   0.0273293  -0.0000000   0.0000000   0.0000000   0.0264233
  376.26840   0.0262508   0.0000000  -0.0000000  -0.0000000   0.0271625  -0.0000000   0.0000000   0.0000000   0.0262508
  376.33643   0.0260822   0.0000000  -0.0000000  -0.0000000   0.0269984  -0.0000000   0.0000000   0.0000000   0.0260822
  376.40446   0.0259173   0.0000000  -0.0000000  -0.0000000   0.0268369  -0.0000000   0.0000000   0.0000000   0.0259173
  376.47249   0.0257559   0.0000000  -0.0000000  -0.0000000   0.0266778  -0.0000000   0.0000000   0.0000000   0.0257559
  376.54051   0.0255975   0.0000000  -0.0000000  -0.0000000   0.0265209  -0.0000000   0.0000000   0.0000000   0.0255975
  376.60854   0.0254420   0.0000000  -0.0000000  -0.0000000   0.0263661  -0.0000000   0.0000000   0.0000000   0.0254420
  376.67657   0.0252893   0.0000000  -0.0000000  -0.0000000   0.0262133  -0.0000000   0.0000000   0.0000000   0.0252893
  376.74460   0.0251390   0.0000000  -0.0000000  -0.0000000   0.0260623  -0.0000000   0.0000000   0.0000000   0.0251390
  376.81263   0.0249911   0.0000000  -0.0000000  -0.0000000   0.0259131  -0.0000000   0.0000000   0.0000000   0.0249911
  376.88066   0.0248454   0.0000000  -0.0000000  -0.0000000   0.0257656  -0.0000000   0.0000000   0.0000000   0.0248454
