  -5.19563818       6.25026133E-03
  -5.12080622       6.38246536E-03
  -5.04597425       6.51910761E-03
  -4.97114229       6.66038366E-03
  -4.89631081       6.80651376E-03
  -4.82147884       6.95774471E-03
  -4.74664688       7.11430982E-03
  -4.67181492       7.27648148E-03
  -4.59698296       7.44454237E-03
  -4.52215099       7.61878723E-03
  -4.44731903       7.79954065E-03
  -4.37248707       7.98713323E-03
  -4.29765558       8.18193890E-03
  -4.22282362       8.38435534E-03
  -4.14799166       8.59478768E-03
  -4.07315969       8.81368946E-03
  -3.99832773       9.04153846E-03
  -3.92349601       9.27884970E-03
  -3.84866405       9.52619035E-03
  -3.77383232       9.78415180E-03
  -3.69900036       1.00533804E-02
  -3.62416840       1.03345653E-02
  -3.54933643       1.06284786E-02
  -3.47450447       1.09359296E-02
  -3.39967275       1.12577910E-02
  -3.32484078       1.15950536E-02
  -3.25000906       1.19487494E-02
  -3.17517710       1.23200221E-02
  -3.10034513       1.27101373E-02
  -3.02551317       1.31204408E-02
  -2.95068121       1.35524375E-02
  -2.87584949       1.40077770E-02
  -2.80101752       1.44882714E-02
  -2.72618556       1.49959158E-02
  -2.65135384       1.55329481E-02
  -2.57652187       1.61017980E-02
  -2.50168991       1.67052094E-02
  -2.42685795       1.73462238E-02
  -2.35202622       1.80282369E-02
  -2.27719426       1.87550914E-02
  -2.20236230       1.95310786E-02
  -2.12753057       2.03610398E-02
  -2.05269861       2.12505106E-02
  -1.97786665       2.22057570E-02
  -1.90303469       2.32339557E-02
  -1.82820296       2.43433304E-02
  -1.75337100       2.55434085E-02
  -1.67853904       2.68452223E-02
  -1.60370731       2.82616857E-02
  -1.52887535       2.98079196E-02
  -1.45404339       3.15018333E-02
  -1.37921143       3.33647765E-02
  -1.30437970       3.54223885E-02
  -1.22954774       3.77056710E-02
  -1.15471601       4.02526483E-02
  -1.07988405       4.31103297E-02
  -1.00505209       4.63374071E-02
 -0.930220127       5.00083044E-02
 -0.855388165       5.42185940E-02
 -0.780556202       5.90926409E-02
 -0.705724239       6.47948980E-02
 -0.630892754       7.15455115E-02
 -0.556060791       7.96432793E-02
 -0.481228828       8.94939154E-02
 -0.406396866      0.101641573    
 -0.331564903      0.116777830    
 -0.256732941      0.135659605    
 -0.181900978      0.158809185    
 -0.107069492      0.185962141    
  -3.22375298E-02  0.215749308    
   4.25944328E-02  0.246407792    
  0.117426395      0.277088404    
  0.192258358      0.308241159    
  0.267090321      0.340790004    
  0.341922283      0.375119507    
  0.416753769      0.411032021    
  0.491585732      0.448642224    
  0.566417694      0.489005744    
  0.641249657      0.533653796    
  0.716081619      0.583314180    
  0.790913582      0.637134850    
  0.865745544      0.693172514    
  0.940577030      0.749147952    
   1.01540899      0.801287472    
   1.09024096      0.841469705    
   1.16507292      0.858341813    
   1.23990488      0.845284581    
   1.31473684      0.807315588    
   1.38956881      0.758024991    
   1.46440029      0.710831821    
   1.53923225      0.673750937    
   1.61406422      0.648895204    
   1.68889618      0.634479165    
   1.76372814      0.627480865    
   1.83856010      0.625172555    
   1.91339207      0.625329554    
   1.98822355      0.625714839    
   2.06305552      0.624029338    
   2.13788748      0.619081378    
   2.21271944      0.611313701    
   2.28755140      0.601714432    
   2.36238337      0.590499461    
   2.43721533      0.576757431    
   2.51204729      0.559330225    
   2.58687878      0.538437843    
   2.66171074      0.516440094    
   2.73654270      0.496822834    
   2.81137419      0.482831478    
   2.88620615      0.476920158    
   2.96103811      0.480406404    
   3.03587008      0.492749780    
   3.11070204      0.510961533    
   3.18553400      0.530457616    
   3.26036596      0.547723830    
   3.33519793      0.562628746    
   3.41002989      0.577248454    
   3.48486185      0.591879189    
   3.55969381      0.603597522    
   3.63452578      0.609375238    
   3.70935774      0.608705580    
   3.78418970      0.602842629    
   3.85902071      0.593449891    
   3.93385267      0.582361460    
   4.00868464      0.571401298    
   4.08351660      0.561685860    
   4.15834856      0.553281784    
   4.23318052      0.545909047    
   4.30801249      0.539845169    
   4.38284445      0.535451412    
   4.45767641      0.531735957    
   4.53250837      0.526018858    
   4.60734034      0.515223980    
   4.68217230      0.497667998    
   4.75700426      0.474019438    
   4.83183622      0.446488649    
   4.90666819      0.416756511    
   4.98149920      0.385201365    
   5.05633116      0.352159381    
   5.13116312      0.318728507    
   5.20599508      0.286101848    
   5.28082705      0.254915655    
   5.35565901      0.225513816    
   5.43049097      0.198449776    
   5.50532293      0.174511388    
   5.58015490      0.154385120    
   5.65498686      0.138402119    
   5.72981882      0.126519874    
   5.80465078      0.118450418    
   5.87948275      0.113816895    
   5.95431471      0.112244397    
   6.02914572      0.113371454    
   6.10397768      0.116831444    
   6.17880964      0.122236468    
   6.25364161      0.129164159    
   6.32847357      0.137147322    
   6.40330553      0.145676106    
   6.47813749      0.154218480    
   6.55296946      0.162271947    
   6.62780142      0.169465512    
   6.70263338      0.175700411    
   6.77746534      0.181244716    
   6.85229731      0.186653852    
   6.92712927      0.192501307    
   7.00196123      0.199111789    
   7.07679224      0.206475422    
   7.15162420      0.214233398    
   7.22645617      0.221665338    
   7.30128813      0.227985084    
   7.37612009      0.232815564    
   7.45095205      0.236126214    
   7.52578402      0.237658888    
   7.60061598      0.236713096    
   7.67544794      0.232672602    
   7.75027990      0.225728348    
   7.82511187      0.217042193    
   7.89994383      0.208219171    
   7.97477579      0.200564474    
   8.04960823      0.194520175    
   8.12443924      0.189494237    
   8.19927025      0.184233516    
   8.27410316      0.177596658    
   8.34893417      0.169249237    
   8.42376709      0.159816459    
   8.49859810      0.150441155    
   8.57343102      0.142169237    
   8.64826202      0.135616615    
   8.72309494      0.130970359    
   8.79792595      0.128144696    
   8.87275887      0.126911983    
   8.94758987      0.126967192    
   9.02242279      0.127968445    
   9.09725380      0.129569441    
   9.17208481      0.131391108    
   9.24691772      0.132952273    
   9.32174873      0.133704275    
   9.39658165      0.133205175    
   9.47141266      0.131277159    
   9.54624557      0.128012463    
   9.62107658      0.123626515    
   9.69590950      0.118196607    
   9.77074051      0.111426026    
   9.84557343      0.102733776    
   9.92040443       9.18666273E-02
   9.99523735       7.95665160E-02
   10.0700684       6.73768446E-02
   10.1449013       5.66429980E-02
   10.2197323       4.78911139E-02
   10.2945633       4.10031006E-02
   10.3693962       3.56213078E-02
   10.4442272       3.13847028E-02
   10.5190601       2.80026030E-02
   10.5938911       2.52595730E-02
   10.6687241       2.29994915E-02
   10.7435551       2.11098641E-02
   10.8183861       1.95086934E-02
   10.8932190       1.81355551E-02
   10.9680500       1.69453658E-02
   11.0428829       1.59037989E-02
   11.1177139       1.49845425E-02
   11.1925468       1.41669819E-02
   11.2673779       1.34349139E-02
   11.3422108       1.27753206E-02
   11.4170418       1.21777421E-02
   11.4918747       1.16335861E-02
   11.5667057       1.11358333E-02
   11.6415386       1.06786042E-02
   11.7163696       1.02570085E-02
   11.7912025       9.86689422E-03
   11.8660336       9.50476248E-03
   11.9408646       9.16760601E-03
   12.0156975       8.85282923E-03
   12.0905285       8.55821557E-03
   12.1653614       8.28181300E-03
   12.2401924       8.02193675E-03
   12.3150253       7.77708925E-03
   12.3898563       7.54596852E-03
   12.4646893       7.32740527E-03
   12.5395203       7.12037971E-03
   12.6143532       6.92397077E-03
   12.6891842       6.73736166E-03
   12.7640171       6.55980781E-03
   12.8388481       6.39065169E-03
   12.9136791       6.22930052E-03
   12.9885120       6.07520156E-03
   13.0633430       5.92787610E-03
   13.1381760       5.78686828E-03
   13.2130070       5.65178040E-03
   13.2878399       5.52222971E-03
   13.3626709       5.39788371E-03
   13.4375038       5.27842529E-03
   13.5123348       5.16357226E-03
   13.5871677       5.05305408E-03
   13.6619987       4.94663138E-03
   13.7368317       4.84407367E-03
   13.8116627       4.74517653E-03
   13.8864956       4.64973971E-03
   13.9613266       4.55759047E-03
   14.0361576       4.46856068E-03
   14.1109905       4.38248692E-03
   14.1858215       4.29922994E-03
   14.2606544       4.21864958E-03
   14.3354855       4.14062431E-03
   14.4103184       4.06503119E-03
   14.4851494       3.99175892E-03
   14.5599823       3.92070226E-03
   14.6348133       3.85176740E-03
   14.7096462       3.78485280E-03
   14.7844772       3.71988164E-03
   14.8593102       3.65676126E-03
   14.9341412       3.59542505E-03
   15.0089741       3.53579200E-03
