LMTO-type pot-file generated from H.S. pot-file
Z= 20
POT:
  315    1     0.03000     2.68430
 0.000000000e+00 1.231989661e+02 1.232035921e+02 1.232083553e+02 1.232132597e+02
 1.232183093e+02 1.232235082e+02 1.232288608e+02 1.232343714e+02 1.232400445e+02
 1.232458848e+02 1.232518970e+02 1.232580860e+02 1.232644567e+02 1.232710143e+02
 1.232777641e+02 1.232847113e+02 1.232918616e+02 1.232992205e+02 1.233067940e+02
 1.233145878e+02 1.233226081e+02 1.233308612e+02 1.233393533e+02 1.233480911e+02
 1.233570812e+02 1.233663303e+02 1.233758456e+02 1.233856341e+02 1.233957032e+02
 1.234060603e+02 1.234167130e+02 1.234276691e+02 1.234389365e+02 1.234505234e+02
 1.234624379e+02 1.234746886e+02 1.234872841e+02 1.235002329e+02 1.235135442e+02
 1.235272268e+02 1.235412901e+02 1.235557433e+02 1.235705960e+02 1.235858579e+02
 1.236015387e+02 1.236176484e+02 1.236341970e+02 1.236511946e+02 1.236686517e+02
 1.236865784e+02 1.237049854e+02 1.237238831e+02 1.237432822e+02 1.237631935e+02
 1.237836275e+02 1.238045952e+02 1.238261072e+02 1.238481743e+02 1.238708072e+02
 1.238940165e+02 1.239178129e+02 1.239422069e+02 1.239672087e+02 1.239928285e+02
 1.240190764e+02 1.240459619e+02 1.240734945e+02 1.241016833e+02 1.241305370e+02
 1.241600639e+02 1.241902718e+02 1.242211679e+02 1.242527589e+02 1.242850507e+02
 1.243180485e+02 1.243517566e+02 1.243861785e+02 1.244213165e+02 1.244571720e+02
 1.244937448e+02 1.245310339e+02 1.245690363e+02 1.246077476e+02 1.246471619e+02
 1.246872709e+02 1.247280646e+02 1.247695308e+02 1.248116545e+02 1.248544184e+02
 1.248978023e+02 1.249417828e+02 1.249863333e+02 1.250306602e+02 1.250750659e+02
 1.251200315e+02 1.251655476e+02 1.252116019e+02 1.252581791e+02 1.253052608e+02
 1.253528251e+02 1.254008467e+02 1.254492961e+02 1.254981396e+02 1.255473392e+02
 1.255968517e+02 1.256463520e+02 1.256960197e+02 1.257458850e+02 1.257959027e+02
 1.258460219e+02 1.258961860e+02 1.259463316e+02 1.259963888e+02 1.260462802e+02
 1.260957929e+02 1.261448818e+02 1.261935655e+02 1.262417554e+02 1.262893541e+02
 1.263362550e+02 1.263823415e+02 1.264274200e+02 1.264713078e+02 1.265140084e+02
 1.265553880e+02 1.265953012e+02 1.266335894e+02 1.266700187e+02 1.267043937e+02
 1.267366331e+02 1.267665524e+02 1.267939519e+02 1.268185620e+02 1.268401339e+02
 1.268585443e+02 1.268735646e+02 1.268849469e+02 1.268923275e+02 1.268955597e+02
 1.268943754e+02 1.268884687e+02 1.268774579e+02 1.268611633e+02 1.268392844e+02
 1.268114471e+02 1.267773621e+02 1.267367280e+02 1.266891430e+02 1.266342760e+02
 1.265718360e+02 1.265014327e+02 1.264227230e+02 1.263353469e+02 1.262388335e+02
 1.261329293e+02 1.260172610e+02 1.258914658e+02 1.257551540e+02 1.256079241e+02
 1.254494557e+02 1.252793603e+02 1.250973397e+02 1.249030364e+02 1.246961619e+02
 1.244763877e+02 1.242433664e+02 1.239968044e+02 1.237364211e+02 1.234620082e+02
 1.231733638e+02 1.228701904e+02 1.225523377e+02 1.222196884e+02 1.218719953e+02
 1.215092113e+02 1.211312812e+02 1.207381000e+02 1.203296725e+02 1.199059430e+02
 1.194669405e+02 1.190127109e+02 1.185433252e+02 1.180589701e+02 1.175598184e+02
 1.170459537e+02 1.165175149e+02 1.159746866e+02 1.154176689e+02 1.148466761e+02
 1.142619204e+02 1.136636270e+02 1.130519791e+02 1.124271794e+02 1.117893990e+02
 1.111387741e+02 1.104754340e+02 1.097996055e+02 1.091113478e+02 1.084106406e+02
 1.076974071e+02 1.069715826e+02 1.062332266e+02 1.054822901e+02 1.047186148e+02
 1.039420474e+02 1.031525343e+02 1.023500424e+02 1.015345227e+02 1.007059625e+02
 9.986451534e+01 9.901035228e+01 9.814376715e+01 9.726511891e+01 9.637486685e+01
 9.547354225e+01 9.456175187e+01 9.364015811e+01 9.270937562e+01 9.177000883e+01
 9.082263478e+01 8.986789502e+01 8.890640502e+01 8.793866798e+01 8.696513006e+01
 8.598573135e+01 8.500073668e+01 8.401061359e+01 8.301535240e+01 8.201474418e+01
 8.100909329e+01 7.999832545e+01 7.898238847e+01 7.796138493e+01 7.693535955e+01
 7.590442006e+01 7.486875370e+01 7.382861811e+01 7.278434819e+01 7.173636645e+01
 7.068517556e+01 6.963136558e+01 6.857559703e+01 6.751860796e+01 6.646117236e+01
 6.540446535e+01 6.434938482e+01 6.329667421e+01 6.224725310e+01 6.120213558e+01
 6.016255188e+01 5.912908907e+01 5.810246849e+01 5.708360216e+01 5.607290703e+01
 5.507084162e+01 5.407771375e+01 5.309356913e+01 5.211840370e+01 5.115193447e+01
 5.019393146e+01 4.924396495e+01 4.830170231e+01 4.736683392e+01 4.643929408e+01
 4.551918472e+01 4.460689769e+01 4.370313550e+01 4.280852696e+01 4.192364953e+01
 4.104963257e+01 4.018746264e+01 3.933785190e+01 3.850104151e+01 3.767726118e+01
 3.686702557e+01 3.607008907e+01 3.528624729e+01 3.451540040e+01 3.375709223e+01
 3.301106543e+01 3.227690471e+01 3.155427304e+01 3.084281603e+01 3.014223729e+01
 2.945228483e+01 2.877274695e+01 2.810346788e+01 2.744438820e+01 2.679547641e+01
 2.615664985e+01 2.552790754e+01 2.490927100e+01 2.430079806e+01 2.370262508e+01
 2.311481577e+01 2.253735278e+01 2.197029423e+01 2.141368028e+01 2.086747405e+01
 2.033161387e+01 1.980599002e+01 1.929048526e+01 1.878484552e+01 1.828891796e+01
 1.780225817e+01 1.732466781e+01 1.685581253e+01 1.639529577e+01 1.594279129e+01
 1.549799784e+01 1.506063679e+01 1.463044497e+01 1.420716899e+01 1.379057835e+01
