 0.000000  -1.000000
 0.007309  -1.000000
 0.014640  -1.000000
 0.021993  -1.000000
 0.029369  -1.000000
 0.036766  -1.000000
 0.044186  -1.000000
 0.051628  -1.000000
 0.059092  -1.000000
 0.066579  -1.000000
 0.074088  -1.000000
 0.081620  -1.000000
 0.089174  -1.000000
 0.096751  -1.000000
 0.104351  -1.000000
 0.111974  -1.000000
 0.119619  -1.000000
 0.127288  -1.000000
 0.134980  -1.000000
 0.142694  -1.000000
 0.150432  -1.000000
 0.158193  -1.000000
 0.165978  -1.000000
 0.173786  -1.000000
 0.181617  -1.000000
 0.189472  -1.000000
 0.197350  -1.000000
 0.205252  -1.000000
 0.213178  -1.000000
 0.221128  -1.000000
 0.229101  -1.000000
 0.237099  -1.000000
 0.245120  -1.000000
 0.253166  -1.000000
 0.261236  -1.000000
 0.269330  -1.000000
 0.277448  -1.000000
 0.285591  -1.000000
 0.293758  -1.000000
 0.301950  -1.000000
 0.310166  -1.000000
 0.318408  -1.000000
 0.326673  -1.000000
 0.334964  -1.000000
 0.343280  -1.000000
 0.351620  -1.000000
 0.359986  -1.000000
 0.368377  -1.000000
 0.376793  -1.000000
 0.385234  -1.000000
 0.393700  -1.000000
 0.402192  -1.000000
 0.410710  -1.000000
 0.419253  -1.000000
 0.427822  -1.000000
 0.436417  -1.000000
 0.445037  -1.000000
 0.453683  -1.000000
 0.462355  -1.000000
 0.471054  -1.000000
 0.479778  -1.000000
 0.488529  -1.000000
 0.497306  -1.000000
 0.506109  -1.000000
 0.514939  -1.000000
 0.523795  -1.000000
 0.532678  -1.000000
 0.541588  -1.000000
 0.550524  -1.000000
 0.559487  -1.000000
 0.568478  -1.000000
 0.577495  -1.000000
 0.586539  -1.000000
 0.595610  -1.000000
 0.604709  -1.000000
 0.613835  -1.000000
 0.622989  -1.000000
 0.632170  -1.000000
 0.641378  -1.000000
 0.650614  -1.000000
 0.659878  -1.000000
 0.669170  -1.000000
 0.678490  -1.000000
 0.687837  -1.000000
 0.697213  -1.000000
 0.706617  -1.000000
 0.716049  -1.000000
 0.725510  -1.000000
 0.734999  -1.000000
 0.744516  -1.000000
 0.754062  -1.000000
 0.763637  -1.000000
 0.773241  -1.000000
 0.782873  -1.000000
 0.792534  -1.000000
 0.802225  -1.000000
 0.811944  -1.000000
 0.821693  -1.000000
 0.831471  -1.000000
 0.841278  -1.000000
 0.851115  -1.000000
 0.860981  -1.000000
 0.870877  -1.000000
 0.880803  -1.000000
 0.890759  -1.000000
 0.900744  -1.000000
 0.910760  -1.000000
 0.920805  -1.000000
 0.930881  -1.000000
 0.940987  -1.000000
 0.951123  -1.000000
 0.961290  -1.000000
 0.971487  -1.000000
 0.981715  -1.000000
 0.991974  -1.000000
 1.002264  -1.000000
 1.012584  -1.000000
 1.022936  -1.000000
 1.033318  -1.000000
 1.043732  -1.000000
 1.054177  -1.000000
 1.064654  -1.000000
 1.075162  -1.000000
 1.085701  -1.000000
 1.096272  -1.000000
 1.106875  -1.000000
 1.117510  -1.000000
 1.128177  -1.000000
 1.138875  -1.000000
 1.149606  -1.000000
 1.160370  -0.985344
 1.171165  -0.957825
 1.181993  -0.930729
 1.192853  -0.904046
 1.203747  -0.877767
 1.214672  -0.851881
 1.225631  -0.826382
 1.236623  -0.801260
 1.247647  -0.776507
 1.258705  -0.752116
 1.269796  -0.728077
 1.280920  -0.704385
 1.292078  -0.681032
 1.303269  -0.658009
 1.314494  -0.635312
 1.325753  -0.612932
 1.337045  -0.590864
 1.348371  -0.569101
 1.359732  -0.547636
 1.371126  -0.526465
 1.382555  -0.505580
 1.394018  -0.484976
 1.405515  -0.464649
 1.417048  -0.444591
 1.428614  -0.424799
 1.440216  -0.405266
 1.451852  -0.385988
 1.463523  -0.366960
 1.475230  -0.348178
 1.486971  -0.329636
 1.498748  -0.311330
 1.510560  -0.293256
 1.522408  -0.275410
 1.534291  -0.257787
 1.546210  -0.240382
 1.558165  -0.223194
 1.570155  -0.206216
 1.582182  -0.189446
 1.594245  -0.172879
 1.606344  -0.156513
 1.618479  -0.140343
 1.630651  -0.124367
 1.642860  -0.113509
 1.655105  -0.104298
 1.667387  -0.095578
 1.679706  -0.087334
 1.692062  -0.079552
 1.704455  -0.072216
 1.716885  -0.065313
 1.729352  -0.058830
 1.741857  -0.052753
 1.754400  -0.047071
 1.766980  -0.041771
 1.779598  -0.036842
 1.792254  -0.032271
 1.804948  -0.028049
 1.817680  -0.024165
 1.830451  -0.020608
 1.843260  -0.017368
 1.856107  -0.014435
 1.868993  -0.011801
 1.881917  -0.009456
 1.894881  -0.007392
 1.907883  -0.005599
 1.920925  -0.004070
 1.934005  -0.002797
 1.947125  -0.001771
 1.960284  -0.000986
 1.973483  -0.000434
 1.986722  -0.000107
 2.000000  -0.000000
