GENERAL: LMX=2  NSPIN=1   WSR= 2.171976  REL=T  NR=243  A=.030
   Z= 8  QC= 4  QTOT= 0.343951

 ETOT  =   -149.7543573  EKIN =     149.6121027  UTOT =   -299.3209726
 EMAD  =     -0.0454874  SUMEC=     -76.7342137  SUMEV=     -1.4678329
 RHOV  =   -227.8141492  UNUCL=    -361.5954400  UELEC=     78.9011073
 RHOEPS=    -16.6266399  REPSNL=      0.0000000  RHOMU=    -21.8139526
 RMUNL =      0.0000000
 
MOMNTS:  O     VRMAX= -0.680774
 L      PL         Q0         Q1         Q2   IDMOD     DL
 0  3.0769835  0.0111309  0.0000000  0.0000352  0   4.0538467
 1  2.8586516  4.3215393 -0.0465562  0.0162647  0  -2.1019503
 2  3.1799401  0.0112803  0.0000000  0.0000271  0   1.5764036
COR:
  243    1     0.03000    2
 0.000000000D+00 8.591554269D-06 3.533532391D-05 8.183896510D-05 1.497951214D-04
 2.409274981D-04 3.572498999D-04 5.008176600D-04 6.738461059D-04 8.786967102D-04
 1.117886974D-03 1.394099945D-03 1.710193921D-03 2.069212717D-03 2.474396508D-03
 2.929193274D-03 3.437270864D-03 4.002529705D-03 4.629116181D-03 5.321436724D-03
 6.084172620D-03 6.922295591D-03 7.841084158D-03 8.846140837D-03 9.943410187D-03
 1.113919775D-02 1.244018992D-02 1.385347474D-02 1.538656378D-02 1.704741488D-02
 1.884445615D-02 2.078661089D-02 2.288332375D-02 2.514458798D-02 2.758097396D-02
 3.020365879D-02 3.302445732D-02 3.605585431D-02 3.931103792D-02 4.280393458D-02
 4.654924512D-02 5.056248224D-02 5.486000943D-02 5.945908111D-02 6.437788422D-02
 6.963558115D-02 7.525235392D-02 8.124944975D-02 8.764922780D-02 9.447520721D-02
 1.017521162D-01 1.095059425D-01 1.177639841D-01 1.265549019D-01 1.359087725D-01
 1.458571414D-01 1.564330772D-01 1.676712259D-01 1.796078653D-01 1.922809589D-01
 2.057302100D-01 2.199971144D-01 2.351250125D-01 2.511591399D-01 2.681466761D-01
 2.861367907D-01 3.051806872D-01 3.253316433D-01 3.466450470D-01 3.691784288D-01
 3.929914880D-01 4.181461130D-01 4.447063955D-01 4.727386355D-01 5.023113392D-01
 5.334952061D-01 5.663631052D-01 6.009900401D-01 6.374530997D-01 6.758313951D-01
 7.162059800D-01 7.586597540D-01 8.032773461D-01 8.501449786D-01 8.993503076D-01
 9.509822399D-01 1.005130724D+00 1.061886511D+00 1.121340891D+00 1.183585391D+00
 1.248711445D+00 1.316810023D+00 1.387971226D+00 1.462283841D+00 1.539834850D+00
 1.620708904D+00 1.704987742D+00 1.792749569D+00 1.884068385D+00 1.979013266D+00
 2.077647587D+00 2.180028205D+00 2.286204582D+00 2.396217861D+00 2.510099890D+00
 2.627872195D+00 2.749544909D+00 2.875115653D+00 3.004568372D+00 3.137872139D+00
 3.274979916D+00 3.415827302D+00 3.560331241D+00 3.708388733D+00 3.859875532D+00
 4.014644852D+00 4.172526094D+00 4.333323601D+00 4.496815456D+00 4.662752347D+00
 4.830856507D+00 5.000820748D+00 5.172307616D+00 5.344948681D+00 5.518343987D+00
 5.692061691D+00 5.865637899D+00 6.038576743D+00 6.210350720D+00 6.380401299D+00
 6.548139858D+00 6.712948938D+00 6.874183867D+00 7.031174758D+00 7.183228915D+00
 7.329633649D+00 7.469659538D+00 7.602564130D+00 7.727596092D+00 7.843999825D+00
 7.951020514D+00 8.047909632D+00 8.133930853D+00 8.208366368D+00 8.270523558D+00
 8.319741989D+00 8.355400672D+00 8.376925525D+00 8.383796978D+00 8.375557620D+00
 8.351819809D+00 8.312273160D+00 8.256691771D+00 8.184941101D+00 8.096984367D+00
 7.992888331D+00 7.872828361D+00 7.737092627D+00 7.586085305D+00 7.420328671D+00
 7.240463966D+00 7.047250926D+00 6.841565875D+00 6.624398326D+00 6.396846006D+00
 6.160108287D+00 5.915478010D+00 5.664331715D+00 5.408118336D+00 5.148346435D+00
 4.886570086D+00 4.624373571D+00 4.363355057D+00 4.105109470D+00 3.851210811D+00
 3.603194182D+00 3.362537804D+00 3.130645343D+00 2.908828844D+00 2.698292601D+00
 2.500118257D+00 2.315251432D+00 2.144490152D+00 1.988475302D+00 1.847683313D+00
 1.722421222D+00 1.612824224D+00 1.518855748D+00 1.440310067D+00 1.376817389D+00
 1.327851327D+00 1.292738593D+00 1.270670756D+00 1.260717814D+00 1.261843348D+00
 1.272920986D+00 1.292751862D+00 1.320082796D+00 1.353624843D+00 1.392071930D+00
 1.434119243D+00 1.478481084D+00 1.523907902D+00 1.569202238D+00 1.613233363D+00
 1.654950386D+00 1.693393672D+00 1.727704440D+00 1.757132425D+00 1.781041570D+00
 1.798913690D+00 1.810350159D+00 1.815071630D+00 1.812915881D+00 1.803833953D+00
 1.787884578D+00 1.765227201D+00 1.736113713D+00 1.700879107D+00 1.659931266D+00
 1.613740115D+00 1.562826359D+00 1.507750043D+00 1.449099139D+00 1.387478398D+00
 1.323498640D+00 1.257766685D+00 1.190876056D+00 1.123398616D+00 1.055877209D+00
 9.888194102D-01 9.226924040D-01 8.579190243D-01 7.948749312D-01 7.338868925D-01
 6.752321062D-01 6.191384833D-01 5.657857951D-01 5.153075763D-01 4.677936641D-01
 4.232932836D-01 3.818184705D-01 3.433478442D-01
SUMEC
 0.000000000D+00
EC
-3.697627250D+01-1.390834428D+00
POT:
  243    1     0.03000     2.17198
 3.122042627E+01 3.123091850E+01 3.124174145E+01 3.124815334E+01 3.125428330E+01
 3.126201718E+01 3.126881585E+01 3.127533813E+01 3.128165964E+01 3.128785359E+01
 3.129397382E+01 3.130005949E+01 3.130614033E+01 3.131223961E+01 3.131837616E+01
 3.132456555E+01 3.133082098E+01 3.133715383E+01 3.134357410E+01 3.135009074E+01
 3.135671183E+01 3.136344477E+01 3.137029644E+01 3.137727323E+01 3.138438120E+01
 3.139162606E+01 3.139901330E+01 3.140654815E+01 3.141423567E+01 3.142208074E+01
 3.143008808E+01 3.143826228E+01 3.144660779E+01 3.145512895E+01 3.146382997E+01
 3.147271495E+01 3.148178788E+01 3.149105261E+01 3.150051288E+01 3.151017231E+01
 3.152003437E+01 3.153010240E+01 3.154037958E+01 3.155086893E+01 3.156157329E+01
 3.157249533E+01 3.158363748E+01 3.159500198E+01 3.160659082E+01 3.161840574E+01
 3.163044820E+01 3.164271935E+01 3.165522003E+01 3.166795072E+01 3.168091156E+01
 3.169410223E+01 3.170752203E+01 3.172116976E+01 3.173504375E+01 3.174914179E+01
 3.176346108E+01 3.177799823E+01 3.179274921E+01 3.180770928E+01 3.182287296E+01
 3.183823400E+01 3.185378531E+01 3.186951890E+01 3.188542585E+01 3.190149626E+01
 3.191771915E+01 3.193408243E+01 3.195057284E+01 3.196717587E+01 3.198387570E+01
 3.200065512E+01 3.201749547E+01 3.203437658E+01 3.205127664E+01 3.206817218E+01
 3.208503796E+01 3.210184689E+01 3.211856996E+01 3.213517612E+01 3.215163225E+01
 3.216790301E+01 3.218395079E+01 3.219973563E+01 3.221521509E+01 3.223034419E+01
 3.224507533E+01 3.225935817E+01 3.227313957E+01 3.228636350E+01 3.229897096E+01
 3.231089990E+01 3.232208515E+01 3.233245835E+01 3.234194789E+01 3.235047883E+01
 3.235797290E+01 3.236434841E+01 3.236952025E+01 3.237339984E+01 3.237589515E+01
 3.237691070E+01 3.237634754E+01 3.237410333E+01 3.237007236E+01 3.236414563E+01
 3.235621093E+01 3.234615293E+01 3.233385335E+01 3.231919107E+01 3.230204232E+01
 3.228228090E+01 3.225977839E+01 3.223440438E+01 3.220602685E+01 3.217451237E+01
 3.213972655E+01 3.210153436E+01 3.205980055E+01 3.201439015E+01 3.196516887E+01
 3.191200367E+01 3.185476330E+01 3.179331885E+01 3.172754438E+01 3.165731754E+01
 3.158252024E+01 3.150303931E+01 3.141876726E+01 3.132960294E+01 3.123545229E+01
 3.113622910E+01 3.103185574E+01 3.092226389E+01 3.080739529E+01 3.068720239E+01
 3.056164912E+01 3.043071148E+01 3.029437813E+01 3.015265099E+01 3.000554568E+01
 2.985309198E+01 2.969533409E+01 2.953233091E+01 2.936415614E+01 2.919089827E+01
 2.901266048E+01 2.882956033E+01 2.864172934E+01 2.844931242E+01 2.825246709E+01
 2.805136252E+01 2.784617842E+01 2.763710370E+01 2.742433493E+01 2.720807463E+01
 2.698852933E+01 2.676590746E+01 2.654041703E+01 2.631226315E+01 2.608164542E+01
 2.584875518E+01 2.561377262E+01 2.537686397E+01 2.513817863E+01 2.489784644E+01
 2.465597516E+01 2.441264832E+01 2.416792356E+01 2.392183167E+01 2.367437652E+01
 2.342553616E+01 2.317526529E+01 2.292349925E+01 2.267015986E+01 2.241516289E+01
 2.215842723E+01 2.189988528E+01 2.163949391E+01 2.137724522E+01 2.111317586E+01
 2.084737386E+01 2.057998201E+01 2.031119690E+01 2.004126370E+01 1.977046685E+01
 1.949911767E+01 1.922754009E+01 1.895605612E+01 1.868497210E+01 1.841456703E+01
 1.814508361E+01 1.787672217E+01 1.760963759E+01 1.734393884E+01 1.707969075E+01
 1.681691735E+01 1.655560664E+01 1.629571587E+01 1.603717740E+01 1.577990455E+01
 1.552379727E+01 1.526874758E+01 1.501464452E+01 1.476137859E+01 1.450884568E+01
 1.425695037E+01 1.400560877E+01 1.375475069E+01 1.350432136E+01 1.325428267E+01
 1.300461385E+01 1.275531187E+01 1.250639135E+01 1.225788417E+01 1.200983882E+01
 1.176231942E+01 1.151540465E+01 1.126918637E+01 1.102376825E+01 1.077926420E+01
 1.053579681E+01 1.029349575E+01 1.005249612E+01 9.812936945E+00 9.574959602E+00
 9.338706367E+00 9.104319037E+00 8.871937629E+00 8.641699171E+00 8.413736586E+00
 8.188177645E+00 7.965144007E+00 7.744750302E+00 7.527103258E+00 7.312300839E+00
 7.100431345E+00 6.891572513E+00 6.685790473E+00
 
PPAR:  O     VES=  0.052217
 L       ENU        C       +/-DEL   1/SQRT(P)     GAMMA      ALPHA
 0 -0.3554373 -3.9523952 -1.0223644  1.7218558  0.0247312  0.0247312
 1 -0.3378924 -0.3511451  0.0304271  1.8031648  0.0222113  0.0222113
 2 -0.3245296  3.3451791  0.0683895 12.4511472  0.0161246  0.0161246
