//
//
//
'Ca'  2   1   0.
   iz   nr  nsp    a  rws
   20  331    1    0.030000    3.423272
 isp  ecore  nre, then g_i g_{nr+i},gfac_i
    1      -0.241668657383E+02       331
 0.000000000000E+00  0.000000000000E+00  0.000000000000E+00
 0.291021665759E-07  0.144744252701E-06  0.930799430881E+02
 0.988092838088E-07  0.491443683670E-06  0.912647957276E+02
 0.204218816676E-06  0.101571475547E-05  0.894499506869E+02
 0.345309729935E-06  0.169731865445E-05  0.876365033731E+02
 0.523567313601E-06  0.251713766008E-05  0.858255578464E+02
 0.738146524043E-06  0.351094462439E-05  0.840182235065E+02
 0.991342025549E-06  0.466649592496E-05  0.822156130951E+02
 0.128480425501E-05  0.598982688115E-05  0.804188398678E+02
 0.162064529310E-05  0.748419201779E-05  0.786290150422E+02
 0.200117132317E-05  0.915420998799E-05  0.768472451864E+02
 0.242891387357E-05  0.110049997245E-04  0.750746295988E+02
 0.290662143921E-05  0.130421803298E-04  0.733122576869E+02
 0.343726208951E-05  0.152717888363E-04  0.715612063555E+02
 0.402402807835E-05  0.177002375809E-04  0.698225374163E+02
 0.467034290483E-05  0.203342834961E-04  0.680972950310E+02
 0.537987026702E-05  0.231810066951E-04  0.663865032005E+02
 0.615652465476E-05  0.262477951273E-04  0.646911633112E+02
 0.700448340671E-05  0.295423335181E-04  0.630122517524E+02
 0.792820012678E-05  0.330725954075E-04  0.613507176146E+02
 0.893241940137E-05  0.368468374956E-04  0.597074804819E+02
 0.100221927926E-04  0.408735957455E-04  0.580834283272E+02
 0.112028961072E-04  0.451616828535E-04  0.564794155229E+02
 0.124802479593E-04  0.497201868039E-04  0.548962609745E+02
 0.138603296610E-04  0.545584703027E-04  0.533347463872E+02
 0.153496064843E-04  0.596861709328E-04  0.517956146727E+02
 0.169549503528E-04  0.651132019155E-04  0.502795685041E+02
 0.186836640237E-04  0.708497533890E-04  0.487872690238E+02
 0.205435068368E-04  0.769062941349E-04  0.473193347105E+02
 0.225427221074E-04  0.832935737015E-04  0.458763404088E+02
 0.246900662542E-04  0.900226248823E-04  0.444588165245E+02
 0.269948397538E-04  0.971047665192E-04  0.430672483879E+02
 0.294669200273E-04  0.104551606606E-03  0.417020757848E+02
 0.321167963670E-04  0.112375045671E-03  0.403636926561E+02
 0.349556070208E-04  0.120587280432E-03  0.390524469644E+02
 0.379951785596E-04  0.129200807702E-03  0.377686407247E+02
 0.412480676613E-04  0.138228428543E-03  0.365125301968E+02
 0.447276054527E-04  0.147683252662E-03  0.352843262342E+02
 0.484479445589E-04  0.157578703047E-03  0.340841947846E+02
 0.524241090220E-04  0.167928520824E-03  0.329122575371E+02
 0.566720472563E-04  0.178746770353E-03  0.317685927073E+02
 0.612086882216E-04  0.190047844541E-03  0.306532359551E+02
 0.660520010032E-04  0.201846470386E-03  0.295661814252E+02
 0.712210580017E-04  0.214157714734E-03  0.285073829031E+02
 0.767361019455E-04  0.226996990250E-03  0.274767550773E+02
 0.826186169525E-04  0.240380061615E-03  0.264741748982E+02
 0.888914038806E-04  0.254323051915E-03  0.254994830232E+02
 0.955786602195E-04  0.268842449246E-03  0.245524853409E+02
 0.102706064794E-03  0.283955113513E-03  0.236329545607E+02
 0.110300867561E-03  0.299678283419E-03  0.227406318614E+02
 0.118391984799E-03  0.316029583645E-03  0.218752285864E+02
 0.127010100014E-03  0.333027032193E-03  0.210364279776E+02
 0.136187770888E-03  0.350689047911E-03  0.202238869363E+02
 0.145959542631E-03  0.369034458158E-03  0.194372378045E+02
 0.156362068119E-03  0.388082506617E-03  0.186760901554E+02
 0.167434235193E-03  0.407852861236E-03  0.179400325851E+02
 0.179217301564E-03  0.428365622279E-03  0.172286344978E+02
 0.191755037749E-03  0.449641330474E-03  0.165414478766E+02
 0.205093878517E-03  0.471700975228E-03  0.158780090318E+02
 0.219283083330E-03  0.494566002912E-03  0.152378403208E+02
 0.234374906310E-03  0.518258325160E-03  0.146204518333E+02
 0.250424776278E-03  0.542800327192E-03  0.140253430356E+02
 0.267491487451E-03  0.568214876101E-03  0.134520043695E+02
 0.285637401402E-03  0.594525329104E-03  0.128999188002E+02
 0.304928660954E-03  0.621755541705E-03  0.123685633108E+02
 0.325435416660E-03  0.649929875748E-03  0.118574103378E+02
 0.347232066622E-03  0.679073207319E-03  0.113659291470E+02
 0.370397510388E-03  0.709210934457E-03  0.108935871451E+02
 0.395015417746E-03  0.740368984642E-03  0.104398511271E+02
 0.421174513246E-03  0.772573821995E-03  0.100041884560E+02
 0.448968877357E-03  0.805852454172E-03  0.958606817599E+01
 0.478498265187E-03  0.840232438875E-03  0.918496205668E+01
 0.509868443764E-03  0.875741889944E-03  0.880034556967E+01
 0.543191548915E-03  0.912409482957E-03  0.843169879667E+01
 0.578586462846E-03  0.950264460299E-03  0.807850727026E+01
 0.616179213576E-03  0.989336635613E-03  0.774026274812E+01
 0.656103397432E-03  0.102965639758E-02  0.741646392187E+01
 0.698500625904E-03  0.107125471296E-02  0.710661706196E+01
 0.743520998187E-03  0.111416312876E-02  0.681023660033E+01
 0.791323600820E-03  0.115841377358E-02  0.652684565265E+01
 0.842077035932E-03  0.120403935790E-02  0.625597648227E+01
 0.895959979623E-03  0.125107317330E-02  0.599717090798E+01
 0.953161772138E-03  0.129954909048E-02  0.574998065803E+01
 0.101388304155E-02  0.134950155607E-02  0.551396767258E+01
 0.107833636274E-02  0.140096558796E-02  0.528870435740E+01
 0.114674695359E-02  0.145397676920E-02  0.507377379097E+01
 0.121935341036E-02  0.150857124023E-02  0.486876988785E+01
 0.129640848430E-02  0.156478568935E-02  0.467329752076E+01
 0.137817990167E-02  0.162265734142E-02  0.448697260386E+01
 0.146495122955E-02  0.168222394436E-02  0.430942214004E+01
 0.155702278966E-02  0.174352375366E-02  0.414028423437E+01
 0.165471262272E-02  0.180659551441E-02  0.397920807656E+01
 0.175835750606E-02  0.187147844096E-02  0.382585389455E+01
 0.186831402703E-02  0.193821219387E-02  0.367989288174E+01
 0.198495971518E-02  0.200683685399E-02  0.354100710015E+01
 0.210869423598E-02  0.207739289357E-02  0.340888936156E+01
 0.223994064940E-02  0.214992114411E-02  0.328324308895E+01
 0.237914673629E-02  0.222446276078E-02  0.316378216007E+01
 0.252678639608E-02  0.230105918313E-02  0.305023073526E+01
 0.268336111909E-02  0.237975209202E-02  0.294232307124E+01
 0.284940153719E-02  0.246058336234E-02  0.283980332257E+01
 0.302546905638E-02  0.254359501138E-02  0.274242533265E+01
 0.321215757529E-02  0.262882914255E-02  0.264995241554E+01
 0.341009529341E-02  0.271632788420E-02  0.256215713026E+01
 0.361994661329E-02  0.280613332327E-02  0.247882104880E+01
 0.384241414093E-02  0.289828743340E-02  0.239973451924E+01
 0.407824078868E-02  0.299283199726E-02  0.232469642499E+01
 0.432821198522E-02  0.308980852274E-02  0.225351394141E+01
 0.459315799715E-02  0.318925815277E-02  0.218600229071E+01
 0.487395636709E-02  0.329122156817E-02  0.212198449609E+01
 0.517153447291E-02  0.339573888354E-02  0.206129113593E+01
 0.548687221321E-02  0.350284953547E-02  0.200376009888E+01
 0.582100482410E-02  0.361259216291E-02  0.194923634040E+01
 0.617502583228E-02  0.372500447923E-02  0.189757164159E+01
 0.655009014966E-02  0.384012313557E-02  0.184862437063E+01
 0.694741731492E-02  0.395798357505E-02  0.180225924751E+01
 0.736829488700E-02  0.407861987744E-02  0.175834711244E+01
 0.781408199612E-02  0.420206459388E-02  0.171676469829E+01
 0.828621305741E-02  0.432834857107E-02  0.167739440744E+01
 0.878620165247E-02  0.445750076469E-02  0.164012409331E+01
 0.931564458416E-02  0.458954804140E-02  0.160484684685E+01
 0.987622610950E-02  0.472451496906E-02  0.157146078815E+01
 0.104697223559E-01  0.486242359463E-02  0.153986886336E+01
 0.110980059252E-01  0.500329320938E-02  0.150997864704E+01
 0.117630506906E-01  0.514714010080E-02  0.148170215007E+01
 0.124669367902E-01  0.529397729088E-02  0.145495563313E+01
 0.132118558213E-01  0.544381426014E-02  0.142965942594E+01
 0.140001162395E-01  0.559665665712E-02  0.140573775201E+01
 0.148341489652E-01  0.575250599274E-02  0.138311855922E+01
 0.157165132001E-01  0.591135931913E-02  0.136173335600E+01
 0.166499024561E-01  0.607320889259E-02  0.134151705307E+01
 0.176371507974E-01  0.623804182013E-02  0.132240781083E+01
 0.186812392971E-01  0.640583968935E-02  0.130434689219E+01
 0.197853027063E-01  0.657657818129E-02  0.128727852081E+01
 0.209526363362E-01  0.675022666584E-02  0.127114974474E+01
 0.221867031494E-01  0.692674777960E-02  0.125591030514E+01
 0.234911410563E-01  0.710609698584E-02  0.124151251023E+01
 0.248697704124E-01  0.728822211653E-02  0.122791111422E+01
 0.263266017088E-01  0.747306289615E-02  0.121506320106E+01
 0.278658434473E-01  0.766055044750E-02  0.120292807300E+01
 0.294919101897E-01  0.785060677932E-02  0.119146714376E+01
 0.312094307687E-01  0.804314425600E-02  0.118064383615E+01
 0.330232566455E-01  0.823806504962E-02  0.117042348416E+01
 0.349384703950E-01  0.843526057458E-02  0.116077323912E+01
 0.369603943012E-01  0.863461090534E-02  0.115166198008E+01
 0.390945990360E-01  0.883598417789E-02  0.114306022808E+01
 0.413469123976E-01  0.903923597563E-02  0.113494006428E+01
 0.437234280755E-01  0.924420870061E-02  0.112727505172E+01
 0.462305144105E-01  0.945073093120E-02  0.112004016070E+01
 0.488748231099E-01  0.965861676733E-02  0.111321169752E+01
 0.516632978743E-01  0.986766516501E-02  0.110676723660E+01
 0.546031828912E-01  0.100776592615E-01  0.110068555568E+01
 0.577020311389E-01  0.102883656932E-01  0.109494657412E+01
 0.609677124459E-01  0.104995339084E-01  0.108953129410E+01
 0.644084212384E-01  0.107108954776E-01  0.108442174467E+01
 0.680326839081E-01  0.109221634030E-01  0.107960092841E+01
 0.718493657213E-01  0.111330314317E-01  0.107505277076E+01
 0.758676771863E-01  0.113431733752E-01  0.107076207178E+01
 0.800971797870E-01  0.115522424382E-01  0.106671446022E+01
 0.845477909833E-01  0.117598705620E-01  0.106289634998E+01
 0.892297883709E-01  0.119656677859E-01  0.105929489861E+01
 0.941538128854E-01  0.121692216322E-01  0.105589796793E+01
 0.993308709235E-01  0.123700965189E-01  0.105269408664E+01
 0.104772335249E+00  0.125678332067E-01  0.104967241478E+01
 0.110489944542E+00  0.127619482863E-01  0.104682271000E+01
 0.116495801428E+00  0.129519337119E-01  0.104413529556E+01
 0.122802368838E+00  0.131372563882E-01  0.104160102994E+01
 0.129422464518E+00  0.133173578187E-01  0.103921127803E+01
 0.136369253495E+00  0.134916538230E-01  0.103695788382E+01
 0.143656238325E+00  0.136595343316E-01  0.103483314441E+01
 0.151297246902E+00  0.138203632671E-01  0.103282978554E+01
 0.159306417618E+00  0.139734785218E-01  0.103094093819E+01
 0.167698181645E+00  0.141181920408E-01  0.102916011661E+01
 0.176487242120E+00  0.142537900225E-01  0.102748119733E+01
 0.185688549964E+00  0.143795332459E-01  0.102589839937E+01
 0.195317276104E+00  0.144946575382E-01  0.102440626551E+01
 0.205388779825E+00  0.145983743925E-01  0.102299964446E+01
 0.215918572999E+00  0.146898717498E-01  0.102167367408E+01
 0.226922279905E+00  0.147683149576E-01  0.102042376542E+01
 0.238415592369E+00  0.148328479179E-01  0.101924558768E+01
 0.250414219962E+00  0.148825944380E-01  0.101813505391E+01
 0.262933834953E+00  0.149166597992E-01  0.101708830753E+01
 0.275990011768E+00  0.149341325553E-01  0.101610170954E+01
 0.289598160667E+00  0.149340865760E-01  0.101517182644E+01
 0.303773455397E+00  0.149155833491E-01  0.101429541881E+01
 0.318530754556E+00  0.148776745541E-01  0.101346943053E+01
 0.333884516449E+00  0.148194049213E-01  0.101269097848E+01
 0.349848707223E+00  0.147398153886E-01  0.101195734296E+01
 0.366436702089E+00  0.146379465680E-01  0.101126595851E+01
 0.383661179478E+00  0.145128425324E-01  0.101061440529E+01
 0.401534008023E+00  0.143635549316E-01  0.101000040092E+01
 0.420066126270E+00  0.141891474466E-01  0.100942179275E+01
 0.439267415106E+00  0.139887005864E-01  0.100887655060E+01
 0.459146562930E+00  0.137613168310E-01  0.100836275986E+01
 0.479710923645E+00  0.135061261219E-01  0.100787861497E+01
 0.500966367653E+00  0.132222916954E-01  0.100742241330E+01
 0.522917126068E+00  0.129090162540E-01  0.100699254934E+01
 0.545565628496E+00  0.125655484627E-01  0.100658750918E+01
 0.568912334776E+00  0.121911897556E-01  0.100620586541E+01
 0.592955561223E+00  0.117853014312E-01  0.100584627214E+01
 0.617691301986E+00  0.113473120081E-01  0.100550746044E+01
 0.643113046264E+00  0.108767248093E-01  0.100518823399E+01
 0.669211592247E+00  0.103731257328E-01  0.100488746491E+01
 0.695974858767E+00  0.983619116432E-02  0.100460408991E+01
 0.723387695782E+00  0.926569597614E-02  0.100433710664E+01
 0.751431694936E+00  0.866152155394E-02  0.100408557018E+01
 0.780085001592E+00  0.802366378575E-02  0.100384858981E+01
 0.809322129860E+00  0.735224094292E-02  0.100362532592E+01
 0.839113782288E+00  0.664750137991E-02  0.100341498709E+01
 0.869426676015E+00  0.590983097812E-02  0.100321682734E+01
 0.900223377332E+00  0.513976025963E-02  0.100303014357E+01
 0.931462146734E+00  0.433797109925E-02  0.100285427308E+01
 0.963096796684E+00  0.350530296826E-02  0.100268859127E+01
 0.995076564465E+00  0.264275864948E-02  0.100253250948E+01
 0.102734600262E+01  0.175150937024E-02  0.100238547292E+01
 0.105984488968E+01  0.832899306493E-03  0.100224695873E+01
 0.109250816391E+01 -0.111550584984E-03  0.100211647419E+01
 0.112526588320E+01 -0.108013944915E-02  0.100199355493E+01
 0.115804321399E+01 -0.207098417928E-02  0.100187776338E+01
 0.119076045271E+01 -0.308201788991E-02  0.100176868715E+01
 0.122333308281E+01 -0.411098929922E-02  0.100166593768E+01
 0.125567187097E+01 -0.515546313040E-02  0.100156914878E+01
 0.128768300571E+01 -0.621282167233E-02  0.100147797541E+01
 0.131926828179E+01 -0.728026766891E-02  0.100139209245E+01
 0.135032533328E+01 -0.835482873158E-02  0.100131119354E+01
 0.138074791830E+01 -0.943336348409E-02  0.100123498999E+01
 0.141042625766E+01 -0.105125696498E-01  0.100116320981E+01
 0.143924742928E+01 -0.115889942778E-01  0.100109559672E+01
 0.146709581962E+01 -0.126590462719E-01  0.100103190922E+01
 0.149385363265E+01 -0.137190113453E-01  0.100097191979E+01
 0.151940145608E+01 -0.147650694610E-01  0.100091541407E+01
 0.154361888378E+01 -0.157933147600E-01  0.100086219006E+01
 0.156638519234E+01 -0.167997779053E-01  0.100081205748E+01
 0.158758006892E+01 -0.177804507040E-01  0.100076483703E+01
 0.160708438659E+01 -0.187313128009E-01  0.100072035980E+01
 0.162478102255E+01 -0.196483601794E-01  0.100067846664E+01
 0.164055571358E+01 -0.205276351470E-01  0.100063900764E+01
 0.165429794245E+01 -0.213652574411E-01  0.100060184153E+01
 0.166590184830E+01 -0.221574560514E-01  0.100056683525E+01
 0.167526715309E+01 -0.229006013310E-01  0.100053386345E+01
 0.168230009588E+01 -0.235912369521E-01  0.100050280803E+01
 0.168691436612E+01 -0.242261112564E-01  0.100047355773E+01
 0.168903202676E+01 -0.248022075584E-01  0.100044600775E+01
 0.168858441590E+01 -0.253167728763E-01  0.100042005936E+01
 0.168551302584E+01 -0.257673451773E-01  0.100039561956E+01
 0.167977033332E+01 -0.261517778294E-01  0.100037260073E+01
 0.167132058707E+01 -0.264682618647E-01  0.100035092034E+01
 0.166014053536E+01 -0.267153453427E-01  0.100033050064E+01
 0.164622008550E+01 -0.268919496928E-01  0.100031126841E+01
 0.162956288593E+01 -0.269973828884E-01  0.100029315465E+01
 0.161018682180E+01 -0.270313493612E-01  0.100027609438E+01
 0.158812441511E+01 -0.269939566256E-01  0.100026002639E+01
 0.156342312085E+01 -0.268857186299E-01  0.100024489302E+01
 0.153614551076E+01 -0.267075558974E-01  0.100023063995E+01
 0.150636933657E+01 -0.264607925563E-01  0.100021721602E+01
 0.147418746495E+01 -0.261471503749E-01  0.100020457303E+01
 0.143970767676E+01 -0.257687399364E-01  0.100019266559E+01
 0.140305232342E+01 -0.253280490776E-01  0.100018145095E+01
 0.136435783405E+01 -0.248279287041E-01  0.100017088882E+01
 0.132377406751E+01 -0.242715760669E-01  0.100016094127E+01
 0.128146350465E+01 -0.236625155393E-01  0.100015157255E+01
 0.123760027737E+01 -0.230045768924E-01  0.100014274902E+01
 0.119236903279E+01 -0.223018710001E-01  0.100013443896E+01
 0.114596363339E+01 -0.215587628493E-01  0.100012661251E+01
 0.109858569693E+01 -0.207798416623E-01  0.100011924154E+01
 0.105044298374E+01 -0.199698878830E-01  0.100011229956E+01
 0.100174764383E+01 -0.191338367348E-01  0.100010576161E+01
 0.952714341889E+00 -0.182767380608E-01  0.100009960419E+01
 0.903558284775E+00 -0.174037122166E-01  0.100009380515E+01
 0.854493183046E+00 -0.165199019678E-01  0.100008834366E+01
 0.805729184966E+00 -0.156304206667E-01  0.100008320006E+01
 0.757470827116E+00 -0.147402974821E-01  0.100007835586E+01
 0.709915048904E+00 -0.138544210840E-01  0.100007379364E+01
 0.663249317681E+00 -0.129774838275E-01  0.100006949699E+01
 0.617649906136E+00 -0.121139289331E-01  0.100006545047E+01
 0.573280354493E+00 -0.112679032155E-01  0.100006163950E+01
 0.530290138608E+00 -0.104432174620E-01  0.100005805040E+01
 0.488813553807E+00 -0.964331568526E-02  0.100005467024E+01
 0.448968815738E+00 -0.887125344070E-02  0.100005148687E+01
 0.410857374849E+00 -0.812968450083E-02  0.100004848883E+01
 0.374563440251E+00 -0.742085466155E-02  0.100004566534E+01
 0.340153710349E+00 -0.674660134094E-02  0.100004300624E+01
 0.307677309941E+00 -0.610835783544E-02  0.100004050197E+01
 0.277165935041E+00 -0.550716145076E-02  0.100003814349E+01
 0.248634206571E+00 -0.494366507912E-02  0.100003592234E+01
 0.222080232066E+00 -0.441815205933E-02  0.100003383052E+01
 0.197486370832E+00 -0.393055429725E-02  0.100003186050E+01
 0.174820193154E+00 -0.348047364902E-02  0.100003000518E+01
 0.154035618627E+00 -0.306720650556E-02  0.100002825789E+01
 0.135074213227E+00 -0.268977139789E-02  0.100002661234E+01
 0.117866619581E+00 -0.234693929986E-02  0.100002506261E+01
 0.102334090694E+00 -0.203726616205E-02  0.100002360311E+01
 0.883900941888E-01 -0.175912708745E-02  0.100002222861E+01
 0.759419522491E-01 -0.151075146571E-02  0.100002093413E+01
 0.648924819134E-01 -0.129025832682E-02  0.100001971504E+01
 0.551416011674E-01 -0.109569115864E-02  0.100001856693E+01
 0.465878683663E-01 -0.925051453684E-03  0.100001748568E+01
 0.391299256968E-01 -0.776330306776E-03  0.100001646739E+01
 0.326678214962E-01 -0.647537470077E-03  0.100001550840E+01
 0.271041910449E-01 -0.536727378791E-03  0.100001460525E+01
 0.223452806960E-01 -0.442021782398E-03  0.100001375470E+01
 0.183018056444E-01 -0.361628744827E-03  0.100001295367E+01
 0.148896370399E-01 -0.293857905575E-03  0.100001219930E+01
 0.120303192866E-01 -0.237132016145E-03  0.100001148885E+01
 0.965142306401E-02 -0.189994877085E-03  0.100001081977E+01
 0.768674370360E-02 -0.151115896481E-03  0.100001018966E+01
 0.607635794390E-02 -0.119291568235E-03  0.100000959625E+01
 0.476655471198E-02 -0.934442265259E-04  0.100000903739E+01
 0.370965740070E-02 -0.726184712724E-04  0.100000851108E+01
 0.286375614994E-02 -0.559756788696E-04  0.100000801541E+01
 0.219236893495E-02 -0.427870146581E-04  0.100000754861E+01
 0.166404988855E-02 -0.324253505699E-04  0.100000710900E+01
 0.125196232713E-02 -0.243564658267E-04  0.100000669499E+01
 0.933432519515E-03 -0.181298731817E-04  0.100000630509E+01
 0.689498445509E-03 -0.133695708471E-04  0.100000593789E+01
 0.504465754601E-03 -0.976497361649E-05  0.100000559208E+01
 0.365480966663E-03 -0.706222829756E-05  0.100000526641E+01
 0.262129760752E-03 -0.505607060699E-05  0.100000495971E+01
 0.186066068862E-03 -0.358233502826E-05  0.100000467086E+01
 0.130675706257E-03 -0.251118732807E-05  0.100000439884E+01
 0.907764887756E-04 -0.174111262027E-05  0.100000414266E+01
 0.623552503730E-04 -0.119366080654E-05  0.100000390140E+01
 0.423409023410E-04 -0.808926207654E-06  0.100000367419E+01
 0.284116744008E-04 -0.541719102297E-06  0.100000346021E+01
 0.188339403265E-04 -0.358373278387E-06  0.100000325869E+01
 0.123295399746E-04 -0.234124967609E-06  0.100000306891E+01
 0.796824490087E-05 -0.150994140408E-06  0.100000289018E+01
 0.508205573694E-05 -0.961004028033E-07  0.100000272186E+01
 0.319851233169E-05 -0.603560600502E-07  0.100000256335E+01
 0.198519219333E-05 -0.373833418045E-07  0.100000241406E+01
 0.121454383402E-05 -0.228275319104E-07  0.100000227347E+01
