LMTO-type pot-file generated from H.S. pot-file
Z= 20
POT:
  313    1     0.03000     2.66440
 0.000000000e+00 9.726373587e+01 9.726781633e+01 9.727201820e+01 9.727634498e+01
 9.728080029e+01 9.728538786e+01 9.729011149e+01 9.729497510e+01 9.729998272e+01
 9.730513847e+01 9.731044661e+01 9.731591148e+01 9.732153755e+01 9.732732940e+01
 9.733329175e+01 9.733942943e+01 9.734574737e+01 9.735225067e+01 9.735894452e+01
 9.736583428e+01 9.737292542e+01 9.738022354e+01 9.738773439e+01 9.739546387e+01
 9.740341800e+01 9.741160297e+01 9.742002509e+01 9.742869085e+01 9.743760686e+01
 9.744677991e+01 9.745621692e+01 9.746592499e+01 9.747591134e+01 9.748618340e+01
 9.749674872e+01 9.750761501e+01 9.751879017e+01 9.753028223e+01 9.754209939e+01
 9.755425002e+01 9.756674263e+01 9.757958592e+01 9.759278871e+01 9.760636000e+01
 9.762030894e+01 9.763464481e+01 9.764937707e+01 9.766451530e+01 9.768006922e+01
 9.769604868e+01 9.771246368e+01 9.772932431e+01 9.774664079e+01 9.776442343e+01
 9.778268266e+01 9.780142896e+01 9.782067291e+01 9.784042512e+01 9.786069627e+01
 9.788149706e+01 9.790283818e+01 9.792473033e+01 9.794718419e+01 9.797021035e+01
 9.799381937e+01 9.801802166e+01 9.804282752e+01 9.806824707e+01 9.809429024e+01
 9.812096672e+01 9.814828590e+01 9.817625687e+01 9.820488833e+01 9.823418856e+01
 9.826416538e+01 9.829482603e+01 9.832617719e+01 9.835822483e+01 9.839097420e+01
 9.842442972e+01 9.845859486e+01 9.849347213e+01 9.852906291e+01 9.856536737e+01
 9.860238434e+01 9.864011123e+01 9.867854383e+01 9.871767623e+01 9.875750064e+01
 9.879800723e+01 9.883893045e+01 9.887979341e+01 9.892136008e+01 9.896363668e+01
 9.900662798e+01 9.905033725e+01 9.909476605e+01 9.913991417e+01 9.918577945e+01
 9.923235762e+01 9.927964215e+01 9.932762408e+01 9.937629177e+01 9.942551935e+01
 9.947529016e+01 9.952572069e+01 9.957680032e+01 9.962851548e+01 9.968084934e+01
 9.973378164e+01 9.978728839e+01 9.984134162e+01 9.989587284e+01 9.995078676e+01
 1.000061572e+02 1.000619510e+02 1.001181302e+02 1.001746515e+02 1.002314661e+02
 1.002885127e+02 1.003456201e+02 1.004028609e+02 1.004601794e+02 1.005175136e+02
 1.005747942e+02 1.006319335e+02 1.006887881e+02 1.007453566e+02 1.008015549e+02
 1.008572904e+02 1.009124532e+02 1.009668742e+02 1.010205221e+02 1.010732863e+02
 1.011250453e+02 1.011756116e+02 1.012248968e+02 1.012727940e+02 1.013191629e+02
 1.013638097e+02 1.014066236e+02 1.014474548e+02 1.014861077e+02 1.015224017e+02
 1.015562088e+02 1.015873371e+02 1.016155822e+02 1.016407976e+02 1.016627745e+02
 1.016813089e+02 1.016962254e+02 1.017072796e+02 1.017142953e+02 1.017170673e+02
 1.017153764e+02 1.017090430e+02 1.016978485e+02 1.016815605e+02 1.016598775e+02
 1.016326641e+02 1.015997428e+02 1.015608971e+02 1.015158812e+02 1.014645041e+02
 1.014065484e+02 1.013418176e+02 1.012701138e+02 1.011912683e+02 1.011050575e+02
 1.010112752e+02 1.009097943e+02 1.008003997e+02 1.006829188e+02 1.005572234e+02
 1.004231286e+02 1.002804800e+02 1.001290970e+02 9.996880073e+01 9.979943387e+01
 9.962079580e+01 9.943278929e+01 9.923531117e+01 9.902811692e+01 9.881097151e+01
 9.858366668e+01 9.834597570e+01 9.809767148e+01 9.783850918e+01 9.756820296e+01
 9.728645208e+01 9.699293878e+01 9.668730719e+01 9.636918795e+01 9.603818246e+01
 9.569398190e+01 9.533620960e+01 9.496441951e+01 9.457819158e+01 9.417714723e+01
 9.376101387e+01 9.332955233e+01 9.288249087e+01 9.241968701e+01 9.194113952e+01
 9.144679696e+01 9.093681257e+01 9.041126335e+01 8.987048909e+01 8.931482755e+01
 8.874465219e+01 8.816037238e+01 8.756241052e+01 8.695117860e+01 8.632709742e+01
 8.569051699e+01 8.504175718e+01 8.438100082e+01 8.370838910e+01 8.302406708e+01
 8.232818483e+01 8.162075629e+01 8.090176650e+01 8.017098773e+01 7.942818181e+01
 7.867347808e+01 7.790672176e+01 7.712762059e+01 7.633625800e+01 7.553252237e+01
 7.471652938e+01 7.388830776e+01 7.304806034e+01 7.219606493e+01 7.133272941e+01
 7.045851912e+01 6.957403637e+01 6.867996858e+01 6.777710237e+01 6.686631087e+01
 6.594853665e+01 6.502480149e+01 6.409612640e+01 6.316384643e+01 6.222924381e+01
 6.129316444e+01 6.035664645e+01 5.942078968e+01 5.848680452e+01 5.755548831e+01
 5.662736802e+01 5.570324688e+01 5.478353661e+01 5.386840687e+01 5.295804555e+01
 5.205234882e+01 5.115117007e+01 5.025423362e+01 4.936128495e+01 4.847220524e+01
 4.758692402e+01 4.670570862e+01 4.582903139e+01 4.495759553e+01 4.409236226e+01
 4.323436648e+01 4.238461992e+01 4.154370826e+01 4.071259101e+01 3.989204153e+01
 3.908251981e+01 3.828411912e+01 3.749668929e+01 3.672048017e+01 3.595512079e+01
 3.520034582e+01 3.445583678e+01 3.372133015e+01 3.299645207e+01 3.228093796e+01
 3.157453407e+01 3.087702926e+01 3.018827530e+01 2.950817993e+01 2.883669790e+01
 2.817384519e+01 2.751969643e+01 2.687440326e+01 2.623801110e+01 2.561063331e+01
 2.499241161e+01 2.438349008e+01 2.378405416e+01 2.319421132e+01 2.261401629e+01
 2.204353007e+01 2.148278378e+01 2.093171122e+01 2.039029257e+01 1.985833394e+01
 1.933572441e+01 1.882225577e+01 1.831767056e+01 1.782173229e+01 1.733412012e+01
 1.685473535e+01 1.638324684e+01 1.591945859e+01 1.546316848e+01 1.501419640e+01
 1.457229845e+01 1.413719673e+01 1.370856387e+01
