LMTO-type pot-file generated from H.S. pot-file
Z= 8
POT:
  233    1     0.03000     1.88040
 0.000000000e+00 2.925377275e+01 2.925868392e+01 2.926373204e+01 2.926892050e+01
 2.927425275e+01 2.927973228e+01 2.928536265e+01 2.929114746e+01 2.929709036e+01
 2.930319504e+01 2.930946525e+01 2.931590476e+01 2.932251739e+01 2.932930699e+01
 2.933627745e+01 2.934343266e+01 2.935077656e+01 2.935831307e+01 2.936604616e+01
 2.937397976e+01 2.938211782e+01 2.939046427e+01 2.939902302e+01 2.940779793e+01
 2.941679285e+01 2.942601155e+01 2.943545775e+01 2.944513508e+01 2.945504708e+01
 2.946519720e+01 2.947558873e+01 2.948622484e+01 2.949710854e+01 2.950824264e+01
 2.951962977e+01 2.953127229e+01 2.954317235e+01 2.955533179e+01 2.956775213e+01
 2.958043454e+01 2.959337984e+01 2.960654156e+01 2.961991546e+01 2.963356367e+01
 2.964748936e+01 2.966169526e+01 2.967618361e+01 2.969095618e+01 2.970601419e+01
 2.972135829e+01 2.973698854e+01 2.975289729e+01 2.976907469e+01 2.978553771e+01
 2.980228540e+01 2.981931595e+01 2.983662672e+01 2.985421411e+01 2.987207355e+01
 2.989019260e+01 2.990856622e+01 2.992719440e+01 2.994606950e+01 2.996518248e+01
 2.998452287e+01 3.000407431e+01 3.002381360e+01 3.004374423e+01 3.006385256e+01
 3.008412305e+01 3.010453815e+01 3.012506543e+01 3.014569838e+01 3.016641744e+01
 3.018719945e+01 3.020801532e+01 3.022883518e+01 3.024963665e+01 3.027038827e+01
 3.029105229e+01 3.031158926e+01 3.033196704e+01 3.035214383e+01 3.037206735e+01
 3.039169570e+01 3.041098157e+01 3.042986430e+01 3.044828976e+01 3.046620837e+01
 3.048355375e+01 3.050026546e+01 3.051628382e+01 3.053154248e+01 3.054595907e+01
 3.055943665e+01 3.057188504e+01 3.058325042e+01 3.059346539e+01 3.060241718e+01
 3.060998235e+01 3.061607737e+01 3.062060296e+01 3.062346332e+01 3.062455544e+01
 3.062376290e+01 3.062095540e+01 3.061602586e+01 3.060885329e+01 3.059930062e+01
 3.058724666e+01 3.057257586e+01 3.055514224e+01 3.053482332e+01 3.051149739e+01
 3.048500361e+01 3.045522304e+01 3.042201169e+01 3.038521108e+01 3.034472218e+01
 3.030039949e+01 3.025212288e+01 3.019974609e+01 3.014314658e+01 3.008220197e+01
 3.001679338e+01 2.994680637e+01 2.987213399e+01 2.979267416e+01 2.970833654e+01
 2.961902440e+01 2.952467097e+01 2.942520411e+01 2.932056051e+01 2.921069580e+01
 2.909557597e+01 2.897516961e+01 2.884946059e+01 2.871845564e+01 2.858221554e+01
 2.844074206e+01 2.829405433e+01 2.814218947e+01 2.798523326e+01 2.782339978e+01
 2.765662817e+01 2.748506773e+01 2.730891780e+01 2.712830207e+01 2.694336212e+01
 2.675425395e+01 2.656115237e+01 2.636423940e+01 2.616371774e+01 2.595977801e+01
 2.575261951e+01 2.554244603e+01 2.532944412e+01 2.511380515e+01 2.489569866e+01
 2.467535206e+01 2.445294387e+01 2.422857124e+01 2.400233486e+01 2.377431304e+01
 2.354461621e+01 2.331333552e+01 2.308044998e+01 2.284590333e+01 2.260971637e+01
 2.237178013e+01 2.213201970e+01 2.189027523e+01 2.164645575e+01 2.140042899e+01
 2.115205552e+01 2.090124047e+01 2.064791137e+01 2.039205099e+01 2.013371790e+01
 1.987300951e+01 1.961013107e+01 1.934534516e+01 1.907897691e+01 1.881142913e+01
 1.854302568e+01 1.827413150e+01 1.800518321e+01 1.773664892e+01 1.746892130e+01
 1.720208849e+01 1.693645180e+01 1.667236826e+01 1.640985585e+01 1.614895652e+01
 1.588981007e+01 1.563232539e+01 1.537652027e+01 1.512232377e+01 1.486963418e+01
 1.461835312e+01 1.436836847e+01 1.411957717e+01 1.387188103e+01 1.362517253e+01
 1.337934806e+01 1.313431740e+01 1.289003007e+01 1.264644100e+01 1.240350098e+01
 1.216123892e+01 1.191963643e+01 1.167867627e+01 1.143842506e+01 1.119899491e+01
 1.096037375e+01 1.072262370e+01 1.048597516e+01 1.025038286e+01 1.001602230e+01
 9.782987376e+00 9.551394836e+00 9.321369984e+00 9.092984550e+00 8.866371022e+00
 8.641609037e+00 8.418786741e+00 8.197979699e+00 7.979238699e+00 7.762602676e+00
 7.548088373e+00 7.335686622e+00 7.125376130e+00
