LMTO-type pot-file generated from H.S. pot-file
Z= 8
POT:
  233    1     0.03000     1.86049
 0.000000000e+00 2.937592223e+01 2.938078159e+01 2.938577660e+01 2.939091060e+01
 2.939618704e+01 2.940160938e+01 2.940718115e+01 2.941290593e+01 2.941878736e+01
 2.942482910e+01 2.943103488e+01 2.943740845e+01 2.944395363e+01 2.945067424e+01
 2.945757414e+01 2.946465723e+01 2.947192743e+01 2.947938865e+01 2.948704484e+01
 2.949489995e+01 2.950295790e+01 2.951122264e+01 2.951969807e+01 2.952838806e+01
 2.953729647e+01 2.954642708e+01 2.955578363e+01 2.956536977e+01 2.957518907e+01
 2.958524500e+01 2.959554090e+01 2.960607999e+01 2.961686531e+01 2.962789976e+01
 2.963918600e+01 2.965072650e+01 2.966252347e+01 2.967457884e+01 2.968689424e+01
 2.969947098e+01 2.971230998e+01 2.972539111e+01 2.973865589e+01 2.975219368e+01
 2.976600776e+01 2.978010099e+01 2.979447576e+01 2.980913398e+01 2.982407705e+01
 2.983930580e+01 2.985482049e+01 2.987062042e+01 2.988668495e+01 2.990303468e+01
 2.991966861e+01 2.993658498e+01 2.995378115e+01 2.997125355e+01 2.998899764e+01
 3.000700300e+01 3.002525235e+01 3.004375723e+01 3.006251116e+01 3.008150632e+01
 3.010073355e+01 3.012018216e+01 3.013982567e+01 3.015966626e+01 3.017969259e+01
 3.019989009e+01 3.022024225e+01 3.024072722e+01 3.026132632e+01 3.028201981e+01
 3.030278338e+01 3.032358927e+01 3.034439072e+01 3.036518014e+01 3.038592837e+01
 3.040660303e+01 3.042716345e+01 3.044757823e+01 3.046780690e+01 3.048780101e+01
 3.050751308e+01 3.052690090e+01 3.054590999e+01 3.056447829e+01 3.058256050e+01
 3.060009489e+01 3.061701398e+01 3.063326226e+01 3.064877269e+01 3.066346957e+01
 3.067726823e+01 3.069005921e+01 3.070179313e+01 3.071240023e+01 3.072178307e+01
 3.072982221e+01 3.073641877e+01 3.074148918e+01 3.074493311e+01 3.074664089e+01
 3.074650112e+01 3.074439592e+01 3.074020989e+01 3.073381731e+01 3.072509820e+01
 3.071392018e+01 3.070017076e+01 3.068371207e+01 3.066439920e+01 3.064212754e+01
 3.061675080e+01 3.058813070e+01 3.055614000e+01 3.052059950e+01 3.048141212e+01
 3.043844646e+01 3.039157101e+01 3.034065328e+01 3.028554887e+01 3.022614880e+01
 3.016231667e+01 3.009395502e+01 3.002094447e+01 2.994318560e+01 2.986057414e+01
 2.977303248e+01 2.968047866e+01 2.958282411e+01 2.948002081e+01 2.937201873e+01
 2.925877001e+01 2.914024836e+01 2.901643508e+01 2.888731000e+01 2.875293175e+01
 2.861332427e+01 2.846849560e+01 2.831848505e+01 2.816333843e+01 2.800325382e+01
 2.783825811e+01 2.766840523e+01 2.749389521e+01 2.731488617e+01 2.713150138e+01
 2.694389479e+01 2.675223457e+01 2.655669941e+01 2.635748932e+01 2.615479246e+01
 2.594881694e+01 2.573975383e+01 2.552779858e+01 2.531315015e+01 2.509597397e+01
 2.487647188e+01 2.465487837e+01 2.443128555e+01 2.420579879e+01 2.397850902e+01
 2.374949985e+01 2.351890542e+01 2.328672555e+01 2.305290653e+01 2.281745206e+01
 2.258030137e+01 2.234136389e+01 2.210051229e+01 2.185762119e+01 2.161258382e+01
 2.136525066e+01 2.111552373e+01 2.086329811e+01 2.060856151e+01 2.035132501e+01
 2.009167520e+01 1.982978708e+01 1.956589017e+01 1.930029599e+01 1.903338266e+01
 1.876551687e+01 1.849702909e+01 1.822832988e+01 1.795988909e+01 1.769214188e+01
 1.742531165e+01 1.715952077e+01 1.689521308e+01 1.663254137e+01 1.637139803e+01
 1.611206690e+01 1.585441801e+01 1.559848686e+01 1.534422139e+01 1.509152814e+01
 1.484031301e+01 1.459047362e+01 1.434190616e+01 1.409450791e+01 1.384818072e+01
 1.360282246e+01 1.335834779e+01 1.311468848e+01 1.287179687e+01 1.262963173e+01
 1.238821057e+01 1.214754000e+01 1.190759817e+01 1.166840023e+01 1.143011009e+01
 1.119273695e+01 1.095630387e+01 1.072103618e+01 1.048695839e+01 1.025420088e+01
 1.002290003e+01 9.793155644e+00 9.565142156e+00 9.338941555e+00 9.114687212e+00
 8.892501169e+00 8.672496582e+00 8.454766524e+00 8.239403823e+00 8.026484676e+00
 7.816054066e+00 7.608147368e+00 7.402784472e+00
