# omega, I_mm' (mm'= -2-2 -2-1 -20 -21 -22 -1-2 .. .. 22) [-2=ixy -1=iyz 0=z2 1=zx 2=x2]
  357.83254  0.00042   0.00000   0.00000   0.00000   0.00000   0.00000   0.00038   0.00000  -0.00000   0.00000   0.00000   0.00000   0.00216   0.00000   0.00000   0.00000  -0.00000   0.00000   0.00038   0.00000   0.00000   0.00000   0.00000   0.00000   0.00265 
  357.90057  0.00042   0.00000   0.00000   0.00000   0.00000   0.00000   0.00038   0.00000  -0.00000   0.00000   0.00000   0.00000   0.00204   0.00000   0.00000   0.00000  -0.00000   0.00000   0.00038   0.00000   0.00000   0.00000   0.00000   0.00000   0.00249 
  357.96860  0.00042   0.00000   0.00000   0.00000   0.00000   0.00000   0.00037   0.00000  -0.00000   0.00000   0.00000   0.00000   0.00193   0.00000   0.00000   0.00000  -0.00000   0.00000   0.00037   0.00000  -0.00000   0.00000   0.00000   0.00000   0.00236 
  358.03663  0.00042   0.00000   0.00000   0.00000   0.00000   0.00000   0.00037   0.00000  -0.00000   0.00000   0.00000   0.00000   0.00183   0.00000   0.00000   0.00000  -0.00000   0.00000   0.00037   0.00000   0.00000   0.00000   0.00000   0.00000   0.00224 
  358.10466  0.00042   0.00000   0.00000   0.00000   0.00000   0.00000   0.00037   0.00000  -0.00000   0.00000   0.00000   0.00000   0.00174   0.00000   0.00000   0.00000  -0.00000   0.00000   0.00037   0.00000   0.00000   0.00000   0.00000   0.00000   0.00213 
  358.17268  0.00042   0.00000   0.00000   0.00000  -0.00000   0.00000   0.00037   0.00000  -0.00000   0.00000   0.00000   0.00000   0.00166   0.00000   0.00000   0.00000  -0.00000   0.00000   0.00037   0.00000   0.00000   0.00000   0.00000   0.00000   0.00203 
  358.24071  0.00042   0.00000   0.00000   0.00000  -0.00000   0.00000   0.00037   0.00000  -0.00000   0.00000   0.00000   0.00000   0.00159   0.00000   0.00000   0.00000  -0.00000   0.00000   0.00037   0.00000  -0.00000   0.00000   0.00000   0.00000   0.00194 
  358.30874  0.00042   0.00000   0.00000   0.00000  -0.00000   0.00000   0.00036   0.00000  -0.00000   0.00000   0.00000   0.00000   0.00153   0.00000   0.00000   0.00000  -0.00000   0.00000   0.00036   0.00000   0.00000   0.00000   0.00000   0.00000   0.00186 
  358.37677  0.00041   0.00000   0.00000   0.00000  -0.00000   0.00000   0.00036   0.00000  -0.00000   0.00000   0.00000   0.00000   0.00147   0.00000   0.00000   0.00000  -0.00000   0.00000   0.00036   0.00000  -0.00000   0.00000   0.00000   0.00000   0.00178 
  358.44480  0.00041   0.00000   0.00000   0.00000   0.00000   0.00000   0.00036   0.00000  -0.00000   0.00000   0.00000   0.00000   0.00142   0.00000   0.00000   0.00000  -0.00000   0.00000   0.00036   0.00000  -0.00000   0.00000   0.00000   0.00000   0.00172 
  358.51283  0.00041   0.00000   0.00000   0.00000  -0.00000   0.00000   0.00036   0.00000  -0.00000   0.00000   0.00000   0.00000   0.00138   0.00000   0.00000   0.00000  -0.00000   0.00000   0.00036   0.00000   0.00000   0.00000   0.00000   0.00000   0.00165 
  358.58086  0.00041   0.00000   0.00000   0.00000  -0.00000   0.00000   0.00036   0.00000  -0.00000   0.00000   0.00000   0.00000   0.00134   0.00000   0.00000   0.00000  -0.00000   0.00000   0.00036   0.00000  -0.00000   0.00000   0.00000   0.00000   0.00160 
  358.64889  0.00041   0.00000   0.00000   0.00000   0.00000   0.00000   0.00036   0.00000  -0.00000   0.00000   0.00000   0.00000   0.00128   0.00000   0.00000   0.00000  -0.00000   0.00000   0.00036   0.00000   0.00000   0.00000   0.00000   0.00000   0.00155 
  358.71692  0.00041   0.00000   0.00000   0.00000  -0.00000   0.00000   0.00036   0.00000  -0.00000   0.00000   0.00000   0.00000   0.00124   0.00000   0.00000   0.00000  -0.00000   0.00000   0.00036   0.00000  -0.00000   0.00000   0.00000   0.00000   0.00150 
  358.78495  0.00041   0.00000   0.00000   0.00000   0.00000   0.00000   0.00036   0.00000  -0.00000   0.00000   0.00000   0.00000   0.00121   0.00000   0.00000   0.00000  -0.00000   0.00000   0.00036   0.00000  -0.00000   0.00000   0.00000   0.00000   0.00146 
  358.85297  0.00041   0.00000   0.00000   0.00000   0.00000   0.00000   0.00036   0.00000  -0.00000   0.00000   0.00000   0.00000   0.00118   0.00000   0.00000   0.00000  -0.00000   0.00000   0.00036   0.00000  -0.00000   0.00000   0.00000   0.00000   0.00142 
  358.92100  0.00041   0.00000   0.00000   0.00000  -0.00000   0.00000   0.00036   0.00000  -0.00000   0.00000   0.00000   0.00000   0.00115   0.00000   0.00000   0.00000  -0.00000   0.00000   0.00036   0.00000  -0.00000   0.00000   0.00000   0.00000   0.00138 
  358.98903  0.00041   0.00000   0.00000   0.00000   0.00000   0.00000   0.00036   0.00000  -0.00000   0.00000   0.00000   0.00000   0.00113   0.00000   0.00000   0.00000  -0.00000   0.00000   0.00036   0.00000   0.00000   0.00000   0.00000   0.00000   0.00135 
  359.05706  0.00042   0.00000   0.00000   0.00000   0.00000   0.00000   0.00036   0.00000  -0.00000   0.00000   0.00000   0.00000   0.00110   0.00000   0.00000   0.00000  -0.00000   0.00000   0.00036   0.00000   0.00000   0.00000   0.00000   0.00000   0.00132 
  359.12509  0.00042   0.00000   0.00000   0.00000   0.00000   0.00000   0.00036   0.00000  -0.00000   0.00000   0.00000   0.00000   0.00108   0.00000   0.00000   0.00000  -0.00000   0.00000   0.00036   0.00000   0.00000   0.00000   0.00000   0.00000   0.00129 
  359.19312  0.00042   0.00000   0.00000   0.00000   0.00000   0.00000   0.00036   0.00000  -0.00000   0.00000   0.00000   0.00000   0.00106   0.00000   0.00000   0.00000  -0.00000   0.00000   0.00036   0.00000   0.00000   0.00000   0.00000   0.00000   0.00126 
  359.26115  0.00042   0.00000   0.00000   0.00000   0.00000   0.00000   0.00036   0.00000  -0.00000   0.00000   0.00000   0.00000   0.00105   0.00000   0.00000   0.00000  -0.00000   0.00000   0.00036   0.00000   0.00000   0.00000   0.00000   0.00000   0.00124 
  359.32918  0.00043   0.00000   0.00000   0.00000  -0.00000   0.00000   0.00037   0.00000  -0.00000   0.00000   0.00000   0.00000   0.00103   0.00000   0.00000   0.00000  -0.00000   0.00000   0.00037   0.00000  -0.00000   0.00000   0.00000   0.00000   0.00122 
  359.39721  0.00043   0.00000   0.00000   0.00000   0.00000   0.00000   0.00037   0.00000  -0.00000   0.00000   0.00000   0.00000   0.00102   0.00000   0.00000   0.00000  -0.00000   0.00000   0.00037   0.00000  -0.00000   0.00000   0.00000   0.00000   0.00120 
  359.46524  0.00044   0.00000   0.00000   0.00000   0.00000   0.00000   0.00038   0.00000  -0.00000   0.00000   0.00000   0.00000   0.00101   0.00000   0.00000   0.00000  -0.00000   0.00000   0.00038   0.00000   0.00000   0.00000   0.00000   0.00000   0.00118 
  359.53326  0.00046   0.00000   0.00000   0.00000   0.00000   0.00000   0.00039   0.00000  -0.00000   0.00000   0.00000   0.00000   0.00100   0.00000   0.00000   0.00000  -0.00000   0.00000   0.00039   0.00000   0.00000   0.00000   0.00000   0.00000   0.00117 
  359.60129  0.00047   0.00000   0.00000   0.00000   0.00000   0.00000   0.00040   0.00000   0.00000   0.00000   0.00000   0.00000   0.00099   0.00000   0.00000   0.00000   0.00000   0.00000   0.00040   0.00000  -0.00000   0.00000   0.00000   0.00000   0.00116 
  359.66932  0.00050   0.00000   0.00000   0.00000  -0.00000   0.00000   0.00042   0.00000   0.00000   0.00000   0.00000   0.00000   0.00098   0.00000   0.00000   0.00000   0.00000   0.00000   0.00042   0.00000  -0.00000   0.00000   0.00000   0.00000   0.00115 
  359.73735  0.00053   0.00000   0.00000   0.00000   0.00000   0.00000   0.00044   0.00000   0.00000   0.00000   0.00000   0.00000   0.00098   0.00000   0.00000   0.00000   0.00000   0.00000   0.00044   0.00000   0.00000   0.00000   0.00000   0.00000   0.00114 
  359.80538  0.00058   0.00000   0.00000   0.00000   0.00000   0.00000   0.00048   0.00000  -0.00000   0.00000   0.00000   0.00000   0.00097   0.00000   0.00000   0.00000  -0.00000   0.00000   0.00048   0.00000   0.00000   0.00000   0.00000   0.00000   0.00113 
  359.87341  0.00065   0.00000   0.00000   0.00000   0.00000   0.00000   0.00053   0.00000  -0.00000   0.00000   0.00000   0.00000   0.00097   0.00000   0.00000   0.00000  -0.00000   0.00000   0.00053   0.00000   0.00000   0.00000   0.00000   0.00000   0.00113 
  359.94144  0.00074   0.00000   0.00000   0.00000   0.00000   0.00000   0.00060   0.00000   0.00000   0.00000   0.00000   0.00000   0.00097   0.00000   0.00000   0.00000   0.00000   0.00000   0.00060   0.00000   0.00000   0.00000   0.00000   0.00000   0.00112 
  360.00947  0.00086   0.00000   0.00000   0.00000  -0.00000   0.00000   0.00069   0.00000   0.00000   0.00000   0.00000   0.00000   0.00098   0.00000   0.00000   0.00000   0.00000   0.00000   0.00069   0.00000  -0.00000   0.00000   0.00000   0.00000   0.00112 
  360.07750  0.00101   0.00000   0.00000   0.00000   0.00000   0.00000   0.00080   0.00000   0.00000   0.00000   0.00000   0.00000   0.00098   0.00000   0.00000   0.00000   0.00000   0.00000   0.00080   0.00000  -0.00000   0.00000   0.00000   0.00000   0.00113 
  360.14553  0.00117   0.00000   0.00000   0.00000  -0.00000   0.00000   0.00091   0.00000  -0.00000   0.00000   0.00000   0.00000   0.00099   0.00000   0.00000   0.00000  -0.00000   0.00000   0.00091   0.00000   0.00000   0.00000   0.00000   0.00000   0.00113 
  360.21355  0.00131   0.00000   0.00000   0.00000   0.00000   0.00000   0.00103   0.00000  -0.00000   0.00000   0.00000   0.00000   0.00100   0.00000   0.00000   0.00000  -0.00000   0.00000   0.00103   0.00000   0.00000   0.00000   0.00000   0.00000   0.00114 
  360.28158  0.00139   0.00000   0.00000   0.00000  -0.00000   0.00000   0.00110   0.00000  -0.00000   0.00000   0.00000   0.00000   0.00102   0.00000   0.00000   0.00000  -0.00000   0.00000   0.00110   0.00000  -0.00000   0.00000   0.00000   0.00000   0.00115 
  360.34961  0.00140   0.00000   0.00000   0.00000   0.00000   0.00000   0.00114   0.00000  -0.00000   0.00000   0.00000   0.00000   0.00104   0.00000   0.00000   0.00000  -0.00000   0.00000   0.00114   0.00000   0.00000   0.00000   0.00000   0.00000   0.00117 
  360.41764  0.00136   0.00000   0.00000   0.00000   0.00000   0.00000   0.00113   0.00000  -0.00000   0.00000   0.00000   0.00000   0.00106   0.00000   0.00000   0.00000  -0.00000   0.00000   0.00113   0.00000   0.00000   0.00000   0.00000   0.00000   0.00119 
  360.48567  0.00129   0.00000   0.00000   0.00000   0.00000   0.00000   0.00109   0.00000  -0.00000   0.00000   0.00000   0.00000   0.00108   0.00000   0.00000   0.00000  -0.00000   0.00000   0.00109   0.00000   0.00000   0.00000   0.00000   0.00000   0.00121 
  360.55370  0.00121   0.00000   0.00000   0.00000   0.00000   0.00000   0.00103   0.00000  -0.00000   0.00000   0.00000   0.00000   0.00110   0.00000   0.00000   0.00000  -0.00000   0.00000   0.00103   0.00000   0.00000   0.00000   0.00000   0.00000   0.00124 
  360.62173  0.00114   0.00000   0.00000   0.00000  -0.00000   0.00000   0.00098   0.00000   0.00000   0.00000   0.00000   0.00000   0.00112   0.00000   0.00000   0.00000   0.00000   0.00000   0.00098   0.00000   0.00000   0.00000   0.00000   0.00000   0.00128 
  360.68976  0.00107   0.00000   0.00000   0.00000   0.00000   0.00000   0.00093   0.00000  -0.00000   0.00000   0.00000   0.00000   0.00115   0.00000   0.00000   0.00000  -0.00000   0.00000   0.00093   0.00000  -0.00000   0.00000   0.00000   0.00000   0.00132 
  360.75779  0.00102   0.00000   0.00000   0.00000   0.00000   0.00000   0.00089   0.00000  -0.00000   0.00000   0.00000   0.00000   0.00120   0.00000   0.00000   0.00000  -0.00000   0.00000   0.00089   0.00000   0.00000   0.00000   0.00000   0.00000   0.00137 
  360.82582  0.00097   0.00000   0.00000   0.00000   0.00000   0.00000   0.00085   0.00000   0.00000   0.00000   0.00000   0.00000   0.00125   0.00000   0.00000   0.00000   0.00000   0.00000   0.00085   0.00000   0.00000   0.00000   0.00000   0.00000   0.00144 
  360.89384  0.00094   0.00000   0.00000   0.00000   0.00000   0.00000   0.00082   0.00000   0.00000   0.00000   0.00000   0.00000   0.00131   0.00000   0.00000   0.00000   0.00000   0.00000   0.00082   0.00000   0.00000   0.00000   0.00000   0.00000   0.00151 
  360.96187  0.00091   0.00000   0.00000   0.00000   0.00000   0.00000   0.00080   0.00000   0.00000   0.00000   0.00000   0.00000   0.00139   0.00000   0.00000   0.00000   0.00000   0.00000   0.00080   0.00000   0.00000   0.00000   0.00000   0.00000   0.00160 
  361.02990  0.00088   0.00000   0.00000   0.00000   0.00000   0.00000   0.00078   0.00000  -0.00000   0.00000   0.00000   0.00000   0.00147   0.00000   0.00000   0.00000  -0.00000   0.00000   0.00078   0.00000   0.00000   0.00000   0.00000   0.00000   0.00171 
  361.09793  0.00087   0.00000   0.00000   0.00000   0.00000   0.00000   0.00077   0.00000  -0.00000   0.00000   0.00000   0.00000   0.00158   0.00000   0.00000   0.00000  -0.00000   0.00000   0.00077   0.00000   0.00000   0.00000   0.00000   0.00000   0.00184 
  361.16596  0.00085   0.00000   0.00000   0.00000   0.00000   0.00000   0.00076   0.00000  -0.00000   0.00000   0.00000   0.00000   0.00170   0.00000   0.00000   0.00000  -0.00000   0.00000   0.00076   0.00000   0.00000   0.00000   0.00000   0.00000   0.00199 
  361.23399  0.00084   0.00000   0.00000   0.00000  -0.00000   0.00000   0.00076   0.00000  -0.00000   0.00000   0.00000   0.00000   0.00184   0.00000   0.00000   0.00000  -0.00000   0.00000   0.00076   0.00000  -0.00000   0.00000   0.00000   0.00000   0.00217 
  361.30202  0.00084   0.00000   0.00000   0.00000  -0.00000   0.00000   0.00076   0.00000  -0.00000   0.00000   0.00000   0.00000   0.00201   0.00000   0.00000   0.00000  -0.00000   0.00000   0.00076   0.00000  -0.00000   0.00000   0.00000   0.00000   0.00238 
  361.37005  0.00083   0.00000   0.00000   0.00000   0.00000   0.00000   0.00076   0.00000  -0.00000   0.00000   0.00000   0.00000   0.00220   0.00000   0.00000   0.00000  -0.00000   0.00000   0.00076   0.00000   0.00000   0.00000   0.00000   0.00000   0.00262 
  361.43808  0.00083   0.00000   0.00000   0.00000   0.00000   0.00000   0.00077   0.00000  -0.00000   0.00000   0.00000   0.00000   0.00241   0.00000   0.00000   0.00000  -0.00000   0.00000   0.00077   0.00000  -0.00000   0.00000   0.00000   0.00000   0.00289 
  361.50611  0.00084   0.00000   0.00000   0.00000  -0.00000   0.00000   0.00078   0.00000  -0.00000   0.00000   0.00000   0.00000   0.00265   0.00000   0.00000   0.00000  -0.00000   0.00000   0.00078   0.00000  -0.00000   0.00000   0.00000   0.00000   0.00318 
  361.57413  0.00084   0.00000   0.00000   0.00000  -0.00000   0.00000   0.00079   0.00000  -0.00000   0.00000   0.00000   0.00000   0.00289   0.00000   0.00000   0.00000  -0.00000   0.00000   0.00079   0.00000   0.00000   0.00000   0.00000   0.00000   0.00349 
  361.64216  0.00085   0.00000   0.00000   0.00000  -0.00000   0.00000   0.00081   0.00000   0.00000   0.00000   0.00000   0.00000   0.00314   0.00000   0.00000   0.00000   0.00000   0.00000   0.00081   0.00000  -0.00000   0.00000   0.00000   0.00000   0.00379 
  361.71019  0.00086   0.00000   0.00000   0.00000   0.00000   0.00000   0.00083   0.00000  -0.00000   0.00000   0.00000   0.00000   0.00337   0.00000   0.00000   0.00000  -0.00000   0.00000   0.00083   0.00000   0.00000   0.00000   0.00000   0.00000   0.00406 
  361.77822  0.00087   0.00000   0.00000   0.00000  -0.00000   0.00000   0.00086   0.00000   0.00000   0.00000   0.00000   0.00000   0.00356   0.00000   0.00000   0.00000   0.00000   0.00000   0.00086   0.00000   0.00000   0.00000   0.00000   0.00000   0.00427 
  361.84625  0.00089   0.00000   0.00000   0.00000   0.00000   0.00000   0.00089   0.00000   0.00000   0.00000   0.00000   0.00000   0.00370   0.00000   0.00000   0.00000   0.00000   0.00000   0.00089   0.00000  -0.00000   0.00000   0.00000   0.00000   0.00441 
  361.91428  0.00091   0.00000   0.00000   0.00000  -0.00000   0.00000   0.00093   0.00000  -0.00000   0.00000   0.00000   0.00000   0.00377   0.00000   0.00000   0.00000  -0.00000   0.00000   0.00093   0.00000   0.00000   0.00000   0.00000   0.00000   0.00446 
  361.98231  0.00093   0.00000   0.00000   0.00000   0.00000   0.00000   0.00098   0.00000   0.00000   0.00000   0.00000   0.00000   0.00378   0.00000   0.00000   0.00000   0.00000   0.00000   0.00098   0.00000  -0.00000   0.00000   0.00000   0.00000   0.00444 
  362.05034  0.00096   0.00000   0.00000   0.00000   0.00000   0.00000   0.00104   0.00000  -0.00000   0.00000   0.00000   0.00000   0.00374   0.00000   0.00000   0.00000  -0.00000   0.00000   0.00104   0.00000   0.00000   0.00000   0.00000   0.00000   0.00435 
  362.11837  0.00099   0.00000   0.00000   0.00000  -0.00000   0.00000   0.00112   0.00000   0.00000   0.00000   0.00000   0.00000   0.00366   0.00000   0.00000   0.00000   0.00000   0.00000   0.00112   0.00000   0.00000   0.00000   0.00000   0.00000   0.00420 
  362.18640  0.00103   0.00000   0.00000   0.00000   0.00000   0.00000   0.00121   0.00000   0.00000   0.00000   0.00000   0.00000   0.00355   0.00000   0.00000   0.00000   0.00000   0.00000   0.00121   0.00000   0.00000   0.00000   0.00000   0.00000   0.00404 
  362.25442  0.00107   0.00000   0.00000   0.00000   0.00000   0.00000   0.00126   0.00000   0.00000   0.00000   0.00000   0.00000   0.00344   0.00000   0.00000   0.00000   0.00000   0.00000   0.00126   0.00000   0.00000   0.00000   0.00000   0.00000   0.00386 
  362.32245  0.00112   0.00000   0.00000   0.00000   0.00000   0.00000   0.00131   0.00000   0.00000   0.00000   0.00000   0.00000   0.00333   0.00000   0.00000   0.00000   0.00000   0.00000   0.00131   0.00000   0.00000   0.00000   0.00000   0.00000   0.00368 
  362.39048  0.00117   0.00000   0.00000   0.00000   0.00000   0.00000   0.00138   0.00000  -0.00000   0.00000   0.00000   0.00000   0.00322   0.00000   0.00000   0.00000  -0.00000   0.00000   0.00138   0.00000   0.00000   0.00000   0.00000   0.00000   0.00351 
  362.45851  0.00124   0.00000   0.00000   0.00000  -0.00000   0.00000   0.00148   0.00000  -0.00000   0.00000   0.00000   0.00000   0.00313   0.00000   0.00000   0.00000  -0.00000   0.00000   0.00148   0.00000  -0.00000   0.00000   0.00000   0.00000   0.00335 
  362.52654  0.00131   0.00000   0.00000   0.00000  -0.00000   0.00000   0.00160   0.00000   0.00000   0.00000   0.00000   0.00000   0.00305   0.00000   0.00000   0.00000   0.00000   0.00000   0.00160   0.00000  -0.00000   0.00000   0.00000   0.00000   0.00320 
  362.59457  0.00139   0.00000   0.00000   0.00000  -0.00000   0.00000   0.00173   0.00000   0.00000   0.00000   0.00000   0.00000   0.00298   0.00000   0.00000   0.00000   0.00000   0.00000   0.00173   0.00000  -0.00000   0.00000   0.00000   0.00000   0.00308 
  362.66260  0.00148   0.00000   0.00000   0.00000   0.00000   0.00000   0.00189   0.00000  -0.00000   0.00000   0.00000   0.00000   0.00293   0.00000   0.00000   0.00000  -0.00000   0.00000   0.00189   0.00000   0.00000   0.00000   0.00000   0.00000   0.00296 
  362.73063  0.00158   0.00000   0.00000   0.00000  -0.00000   0.00000   0.00207   0.00000  -0.00000   0.00000   0.00000   0.00000   0.00290   0.00000   0.00000   0.00000  -0.00000   0.00000   0.00207   0.00000   0.00000   0.00000   0.00000   0.00000   0.00286 
  362.79866  0.00169   0.00000   0.00000   0.00000  -0.00000   0.00000   0.00227   0.00000  -0.00000   0.00000   0.00000   0.00000   0.00289   0.00000   0.00000   0.00000  -0.00000   0.00000   0.00227   0.00000  -0.00000   0.00000   0.00000   0.00000   0.00278 
  362.86669  0.00182   0.00000   0.00000   0.00000  -0.00000   0.00000   0.00251   0.00000  -0.00000   0.00000   0.00000   0.00000   0.00289   0.00000   0.00000   0.00000  -0.00000   0.00000   0.00251   0.00000  -0.00000   0.00000   0.00000   0.00000   0.00271 
  362.93471  0.00197   0.00000   0.00000   0.00000  -0.00000   0.00000   0.00278   0.00000  -0.00000   0.00000   0.00000   0.00000   0.00291   0.00000   0.00000   0.00000  -0.00000   0.00000   0.00278   0.00000  -0.00000   0.00000   0.00000   0.00000   0.00264 
  363.00274  0.00214   0.00000   0.00000   0.00000  -0.00000   0.00000   0.00309   0.00000  -0.00000   0.00000   0.00000   0.00000   0.00294   0.00000   0.00000   0.00000  -0.00000   0.00000   0.00309   0.00000  -0.00000   0.00000   0.00000   0.00000   0.00259 
  363.07077  0.00234   0.00000   0.00000   0.00000   0.00000   0.00000   0.00345   0.00000   0.00000   0.00000   0.00000   0.00000   0.00300   0.00000   0.00000   0.00000   0.00000   0.00000   0.00345   0.00000   0.00000   0.00000   0.00000   0.00000   0.00255 
  363.13880  0.00256   0.00000   0.00000   0.00000  -0.00000   0.00000   0.00386   0.00000  -0.00000   0.00000   0.00000   0.00000   0.00307   0.00000   0.00000   0.00000  -0.00000   0.00000   0.00386   0.00000   0.00000   0.00000   0.00000   0.00000   0.00251 
  363.20683  0.00281   0.00000   0.00000   0.00000  -0.00000   0.00000   0.00434   0.00000   0.00000   0.00000   0.00000   0.00000   0.00316   0.00000   0.00000   0.00000   0.00000   0.00000   0.00434   0.00000   0.00000   0.00000   0.00000   0.00000   0.00248 
  363.27486  0.00310   0.00000   0.00000   0.00000   0.00000   0.00000   0.00489   0.00000   0.00000   0.00000   0.00000   0.00000   0.00327   0.00000   0.00000   0.00000   0.00000   0.00000   0.00489   0.00000  -0.00000   0.00000   0.00000   0.00000   0.00246 
  363.34289  0.00344   0.00000   0.00000   0.00000  -0.00000   0.00000   0.00554   0.00000   0.00000   0.00000   0.00000   0.00000   0.00341   0.00000   0.00000   0.00000   0.00000   0.00000   0.00554   0.00000  -0.00000   0.00000   0.00000   0.00000   0.00244 
  363.41092  0.00382   0.00000   0.00000   0.00000  -0.00000   0.00000   0.00629   0.00000  -0.00000   0.00000   0.00000   0.00000   0.00357   0.00000   0.00000   0.00000  -0.00000   0.00000   0.00629   0.00000  -0.00000   0.00000   0.00000   0.00000   0.00243 
  363.47895  0.00427   0.00000   0.00000   0.00000  -0.00000   0.00000   0.00717   0.00000   0.00000   0.00000   0.00000   0.00000   0.00376   0.00000   0.00000   0.00000   0.00000   0.00000   0.00717   0.00000  -0.00000   0.00000   0.00000   0.00000   0.00243 
  363.54698  0.00479   0.00000   0.00000   0.00000  -0.00000   0.00000   0.00820   0.00000   0.00000   0.00000   0.00000   0.00000   0.00398   0.00000   0.00000   0.00000   0.00000   0.00000   0.00820   0.00000  -0.00000   0.00000   0.00000   0.00000   0.00243 
  363.61500  0.00539   0.00000   0.00000   0.00000  -0.00000   0.00000   0.00942   0.00000  -0.00000   0.00000   0.00000   0.00000   0.00422   0.00000   0.00000   0.00000  -0.00000   0.00000   0.00942   0.00000   0.00000   0.00000   0.00000   0.00000   0.00243 
  363.68303  0.00609   0.00000   0.00000   0.00000  -0.00000   0.00000   0.01085   0.00000   0.00000   0.00000   0.00000   0.00000   0.00448   0.00000   0.00000   0.00000   0.00000   0.00000   0.01085   0.00000  -0.00000   0.00000   0.00000   0.00000   0.00244 
  363.75106  0.00691   0.00000   0.00000   0.00000  -0.00000   0.00000   0.01256   0.00000  -0.00000   0.00000   0.00000   0.00000   0.00476   0.00000   0.00000   0.00000  -0.00000   0.00000   0.01256   0.00000  -0.00000   0.00000   0.00000   0.00000   0.00245 
  363.81909  0.00787   0.00000   0.00000   0.00000   0.00000   0.00000   0.01459   0.00000  -0.00000   0.00000   0.00000   0.00000   0.00505   0.00000   0.00000   0.00000  -0.00000   0.00000   0.01459   0.00000   0.00000   0.00000   0.00000   0.00000   0.00247 
  363.88712  0.00901   0.00000   0.00000   0.00000  -0.00000   0.00000   0.01702   0.00000  -0.00000   0.00000   0.00000   0.00000   0.00534   0.00000   0.00000   0.00000  -0.00000   0.00000   0.01702   0.00000   0.00000   0.00000   0.00000   0.00000   0.00249 
  363.95515  0.01037   0.00000   0.00000   0.00000  -0.00000   0.00000   0.01994   0.00000   0.00000   0.00000   0.00000   0.00000   0.00560   0.00000   0.00000   0.00000   0.00000   0.00000   0.01994   0.00000   0.00000   0.00000   0.00000   0.00000   0.00251 
  364.02318  0.01198   0.00000   0.00000   0.00000  -0.00000   0.00000   0.02347   0.00000   0.00000   0.00000   0.00000   0.00000   0.00583   0.00000   0.00000   0.00000   0.00000   0.00000   0.02347   0.00000  -0.00000   0.00000   0.00000   0.00000   0.00254 
  364.09121  0.01391   0.00000   0.00000   0.00000  -0.00000   0.00000   0.02774   0.00000   0.00000   0.00000   0.00000   0.00000   0.00601   0.00000   0.00000   0.00000   0.00000   0.00000   0.02774   0.00000   0.00000   0.00000   0.00000   0.00000   0.00257 
  364.15924  0.01624   0.00000   0.00000   0.00000   0.00000   0.00000   0.03292   0.00000  -0.00000   0.00000   0.00000   0.00000   0.00613   0.00000   0.00000   0.00000  -0.00000   0.00000   0.03292   0.00000  -0.00000   0.00000   0.00000   0.00000   0.00261 
  364.22727  0.01906   0.00000   0.00000   0.00000   0.00000   0.00000   0.03923   0.00000   0.00000   0.00000   0.00000   0.00000   0.00619   0.00000   0.00000   0.00000   0.00000   0.00000   0.03923   0.00000  -0.00000   0.00000   0.00000   0.00000   0.00265 
  364.29529  0.02251   0.00000   0.00000   0.00000   0.00000   0.00000   0.04689   0.00000   0.00000   0.00000   0.00000   0.00000   0.00621   0.00000   0.00000   0.00000   0.00000   0.00000   0.04689   0.00000  -0.00000   0.00000   0.00000   0.00000   0.00270 
  364.36332  0.02673   0.00000   0.00000   0.00000  -0.00000   0.00000   0.05618   0.00000   0.00000   0.00000   0.00000   0.00000   0.00619   0.00000   0.00000   0.00000   0.00000   0.00000   0.05618   0.00000   0.00000   0.00000   0.00000   0.00000   0.00275 
  364.43135  0.03195   0.00000   0.00000   0.00000  -0.00000   0.00000   0.06734   0.00000  -0.00000   0.00000   0.00000   0.00000   0.00614   0.00000   0.00000   0.00000  -0.00000   0.00000   0.06734   0.00000   0.00000   0.00000   0.00000   0.00000   0.00280 
  364.49938  0.03842   0.00000   0.00000   0.00000  -0.00000   0.00000   0.08058   0.00000  -0.00000   0.00000   0.00000   0.00000   0.00608   0.00000   0.00000   0.00000  -0.00000   0.00000   0.08058   0.00000   0.00000   0.00000   0.00000   0.00000   0.00286 
  364.56741  0.04648   0.00000   0.00000   0.00000  -0.00000   0.00000   0.09590   0.00000  -0.00000   0.00000   0.00000   0.00000   0.00602   0.00000   0.00000   0.00000  -0.00000   0.00000   0.09590   0.00000  -0.00000   0.00000   0.00000   0.00000   0.00293 
  364.63544  0.05655   0.00000   0.00000   0.00000   0.00000   0.00000   0.11300   0.00000  -0.00000   0.00000   0.00000   0.00000   0.00596   0.00000   0.00000   0.00000  -0.00000   0.00000   0.11300   0.00000  -0.00000   0.00000   0.00000   0.00000   0.00299 
  364.70347  0.06912   0.00000   0.00000   0.00000  -0.00000   0.00000   0.13105   0.00000  -0.00000   0.00000   0.00000   0.00000   0.00592   0.00000   0.00000   0.00000  -0.00000   0.00000   0.13105   0.00000  -0.00000   0.00000   0.00000   0.00000   0.00307 
  364.77150  0.08470   0.00000   0.00000   0.00000  -0.00000   0.00000   0.14861   0.00000   0.00000   0.00000   0.00000   0.00000   0.00589   0.00000   0.00000   0.00000   0.00000   0.00000   0.14861   0.00000   0.00000   0.00000   0.00000   0.00000   0.00315 
  364.83953  0.10370   0.00000   0.00000   0.00000  -0.00000   0.00000   0.16373   0.00000   0.00000   0.00000   0.00000   0.00000   0.00589   0.00000   0.00000   0.00000   0.00000   0.00000   0.16373   0.00000   0.00000   0.00000   0.00000   0.00000   0.00324 
  364.90756  0.12619   0.00000   0.00000   0.00000   0.00000   0.00000   0.17446   0.00000   0.00000   0.00000   0.00000   0.00000   0.00591   0.00000   0.00000   0.00000   0.00000   0.00000   0.17446   0.00000   0.00000   0.00000   0.00000   0.00000   0.00333 
  364.97558  0.15147   0.00000   0.00000   0.00000  -0.00000   0.00000   0.17948   0.00000  -0.00000   0.00000   0.00000   0.00000   0.00595   0.00000   0.00000   0.00000  -0.00000   0.00000   0.17948   0.00000   0.00000   0.00000   0.00000   0.00000   0.00343 
  365.04361  0.17758   0.00000   0.00000   0.00000  -0.00000   0.00000   0.17860   0.00000  -0.00000   0.00000   0.00000   0.00000   0.00602   0.00000   0.00000   0.00000  -0.00000   0.00000   0.17860   0.00000  -0.00000   0.00000   0.00000   0.00000   0.00354 
  365.11164  0.20111   0.00000   0.00000   0.00000   0.00000   0.00000   0.17272   0.00000   0.00000   0.00000   0.00000   0.00000   0.00612   0.00000   0.00000   0.00000   0.00000   0.00000   0.17272   0.00000  -0.00000   0.00000   0.00000   0.00000   0.00366 
  365.17967  0.21794   0.00000   0.00000   0.00000   0.00000   0.00000   0.16336   0.00000   0.00000   0.00000   0.00000   0.00000   0.00624   0.00000   0.00000   0.00000   0.00000   0.00000   0.16336   0.00000  -0.00000   0.00000   0.00000   0.00000   0.00379 
  365.24770  0.22489   0.00000   0.00000   0.00000  -0.00000   0.00000   0.15210   0.00000  -0.00000   0.00000   0.00000   0.00000   0.00639   0.00000   0.00000   0.00000  -0.00000   0.00000   0.15210   0.00000  -0.00000   0.00000   0.00000   0.00000   0.00392 
  365.31573  0.22140   0.00000   0.00000   0.00000   0.00000   0.00000   0.14022   0.00000  -0.00000   0.00000   0.00000   0.00000   0.00657   0.00000   0.00000   0.00000  -0.00000   0.00000   0.14022   0.00000   0.00000   0.00000   0.00000   0.00000   0.00407 
  365.38376  0.20957   0.00000   0.00000   0.00000  -0.00000   0.00000   0.12859   0.00000  -0.00000   0.00000   0.00000   0.00000   0.00678   0.00000   0.00000   0.00000  -0.00000   0.00000   0.12859   0.00000   0.00000   0.00000   0.00000   0.00000   0.00423 
  365.45179  0.19279   0.00000   0.00000   0.00000  -0.00000   0.00000   0.11771   0.00000  -0.00000   0.00000   0.00000   0.00000   0.00703   0.00000   0.00000   0.00000  -0.00000   0.00000   0.11771   0.00000  -0.00000   0.00000   0.00000   0.00000   0.00440 
  365.51982  0.17420   0.00000   0.00000   0.00000  -0.00000   0.00000   0.10781   0.00000   0.00000   0.00000   0.00000   0.00000   0.00731   0.00000   0.00000   0.00000   0.00000   0.00000   0.10781   0.00000   0.00000   0.00000   0.00000   0.00000   0.00459 
  365.58785  0.15594   0.00000   0.00000   0.00000   0.00000   0.00000   0.09895   0.00000   0.00000   0.00000   0.00000   0.00000   0.00763   0.00000   0.00000   0.00000   0.00000   0.00000   0.09895   0.00000   0.00000   0.00000   0.00000   0.00000   0.00479 
  365.65587  0.13916   0.00000   0.00000   0.00000  -0.00000   0.00000   0.09110   0.00000  -0.00000   0.00000   0.00000   0.00000   0.00800   0.00000   0.00000   0.00000  -0.00000   0.00000   0.09110   0.00000  -0.00000   0.00000   0.00000   0.00000   0.00501 
  365.72390  0.12432   0.00000   0.00000   0.00000  -0.00000   0.00000   0.08418   0.00000   0.00000   0.00000   0.00000   0.00000   0.00842   0.00000   0.00000   0.00000   0.00000   0.00000   0.08418   0.00000  -0.00000   0.00000   0.00000   0.00000   0.00525 
  365.79193  0.11145   0.00000   0.00000   0.00000  -0.00000   0.00000   0.07809   0.00000   0.00000   0.00000   0.00000   0.00000   0.00889   0.00000   0.00000   0.00000   0.00000   0.00000   0.07809   0.00000  -0.00000   0.00000   0.00000   0.00000   0.00551 
  365.85996  0.10040   0.00000   0.00000   0.00000   0.00000   0.00000   0.07273   0.00000  -0.00000   0.00000   0.00000   0.00000   0.00943   0.00000   0.00000   0.00000  -0.00000   0.00000   0.07273   0.00000   0.00000   0.00000   0.00000   0.00000   0.00580 
  365.92799  0.09096   0.00000   0.00000   0.00000  -0.00000   0.00000   0.06801   0.00000  -0.00000   0.00000   0.00000   0.00000   0.01004   0.00000   0.00000   0.00000  -0.00000   0.00000   0.06801   0.00000  -0.00000   0.00000   0.00000   0.00000   0.00611 
  365.99602  0.08288   0.00000   0.00000   0.00000  -0.00000   0.00000   0.06384   0.00000  -0.00000   0.00000   0.00000   0.00000   0.01074   0.00000   0.00000   0.00000  -0.00000   0.00000   0.06384   0.00000   0.00000   0.00000   0.00000   0.00000   0.00645 
  366.06405  0.07596   0.00000   0.00000   0.00000   0.00000   0.00000   0.06015   0.00000   0.00000   0.00000   0.00000   0.00000   0.01153   0.00000   0.00000   0.00000   0.00000   0.00000   0.06015   0.00000   0.00000   0.00000   0.00000   0.00000   0.00683 
  366.13208  0.07001   0.00000   0.00000   0.00000   0.00000   0.00000   0.05686   0.00000   0.00000   0.00000   0.00000   0.00000   0.01243   0.00000   0.00000   0.00000   0.00000   0.00000   0.05686   0.00000  -0.00000   0.00000   0.00000   0.00000   0.00725 
  366.20011  0.06487   0.00000   0.00000   0.00000  -0.00000   0.00000   0.05394   0.00000   0.00000   0.00000   0.00000   0.00000   0.01347   0.00000   0.00000   0.00000   0.00000   0.00000   0.05394   0.00000  -0.00000   0.00000   0.00000   0.00000   0.00771 
  366.26814  0.06041   0.00000   0.00000   0.00000  -0.00000   0.00000   0.05133   0.00000   0.00000   0.00000   0.00000   0.00000   0.01468   0.00000   0.00000   0.00000   0.00000   0.00000   0.05133   0.00000  -0.00000   0.00000   0.00000   0.00000   0.00822 
  366.33616  0.05651   0.00000   0.00000   0.00000  -0.00000   0.00000   0.04899   0.00000  -0.00000   0.00000   0.00000   0.00000   0.01607   0.00000   0.00000   0.00000  -0.00000   0.00000   0.04899   0.00000  -0.00000   0.00000   0.00000   0.00000   0.00879 
  366.40419  0.05310   0.00000   0.00000   0.00000   0.00000   0.00000   0.04688   0.00000  -0.00000   0.00000   0.00000   0.00000   0.01769   0.00000   0.00000   0.00000  -0.00000   0.00000   0.04688   0.00000   0.00000   0.00000   0.00000   0.00000   0.00943 
  366.47222  0.05009   0.00000   0.00000   0.00000  -0.00000   0.00000   0.04498   0.00000  -0.00000   0.00000   0.00000   0.00000   0.01960   0.00000   0.00000   0.00000  -0.00000   0.00000   0.04498   0.00000   0.00000   0.00000   0.00000   0.00000   0.01015 
  366.54025  0.04743   0.00000   0.00000   0.00000  -0.00000   0.00000   0.04326   0.00000   0.00000   0.00000   0.00000   0.00000   0.02187   0.00000   0.00000   0.00000   0.00000   0.00000   0.04326   0.00000  -0.00000   0.00000   0.00000   0.00000   0.01096 
  366.60828  0.04507   0.00000   0.00000   0.00000   0.00000   0.00000   0.04170   0.00000  -0.00000   0.00000   0.00000   0.00000   0.02457   0.00000   0.00000   0.00000  -0.00000   0.00000   0.04170   0.00000   0.00000   0.00000   0.00000   0.00000   0.01188 
  366.67631  0.04296   0.00000   0.00000   0.00000   0.00000   0.00000   0.04029   0.00000   0.00000   0.00000   0.00000   0.00000   0.02782   0.00000   0.00000   0.00000   0.00000   0.00000   0.04029   0.00000   0.00000   0.00000   0.00000   0.00000   0.01292 
  366.74434  0.04107   0.00000   0.00000   0.00000  -0.00000   0.00000   0.03900   0.00000   0.00000   0.00000   0.00000   0.00000   0.03179   0.00000   0.00000   0.00000   0.00000   0.00000   0.03900   0.00000   0.00000   0.00000   0.00000   0.00000   0.01412 
  366.81237  0.03937   0.00000   0.00000   0.00000   0.00000   0.00000   0.03782   0.00000  -0.00000   0.00000   0.00000   0.00000   0.03669   0.00000   0.00000   0.00000  -0.00000   0.00000   0.03782   0.00000   0.00000   0.00000   0.00000   0.00000   0.01549 
  366.88040  0.03785   0.00000   0.00000   0.00000   0.00000   0.00000   0.03674   0.00000  -0.00000   0.00000   0.00000   0.00000   0.04281   0.00000   0.00000   0.00000  -0.00000   0.00000   0.03674   0.00000   0.00000   0.00000   0.00000   0.00000   0.01709 
  366.94843  0.03646   0.00000   0.00000   0.00000  -0.00000   0.00000   0.03576   0.00000  -0.00000   0.00000   0.00000   0.00000   0.05059   0.00000   0.00000   0.00000  -0.00000   0.00000   0.03576   0.00000   0.00000   0.00000   0.00000   0.00000   0.01895 
  367.01645  0.03521   0.00000   0.00000   0.00000   0.00000   0.00000   0.03485   0.00000  -0.00000   0.00000   0.00000   0.00000   0.06064   0.00000   0.00000   0.00000  -0.00000   0.00000   0.03485   0.00000   0.00000   0.00000   0.00000   0.00000   0.02115 
  367.08448  0.03407   0.00000   0.00000   0.00000  -0.00000   0.00000   0.03402   0.00000  -0.00000   0.00000   0.00000   0.00000   0.07389   0.00000   0.00000   0.00000  -0.00000   0.00000   0.03402   0.00000  -0.00000   0.00000   0.00000   0.00000   0.02375 
  367.15251  0.03304   0.00000   0.00000   0.00000  -0.00000   0.00000   0.03326   0.00000   0.00000   0.00000   0.00000   0.00000   0.09176   0.00000   0.00000   0.00000   0.00000   0.00000   0.03326   0.00000   0.00000   0.00000   0.00000   0.00000   0.02688 
  367.22054  0.03209   0.00000   0.00000   0.00000   0.00000   0.00000   0.03256   0.00000  -0.00000   0.00000   0.00000   0.00000   0.11643   0.00000   0.00000   0.00000  -0.00000   0.00000   0.03256   0.00000   0.00000   0.00000   0.00000   0.00000   0.03066 
  367.28857  0.03123   0.00000   0.00000   0.00000   0.00000   0.00000   0.03191   0.00000  -0.00000   0.00000   0.00000   0.00000   0.15139   0.00000   0.00000   0.00000  -0.00000   0.00000   0.03191   0.00000  -0.00000   0.00000   0.00000   0.00000   0.03530 
  367.35660  0.03044   0.00000   0.00000   0.00000  -0.00000   0.00000   0.03132   0.00000   0.00000   0.00000   0.00000   0.00000   0.20210   0.00000   0.00000   0.00000   0.00000   0.00000   0.03132   0.00000  -0.00000   0.00000   0.00000   0.00000   0.04107 
  367.42463  0.02971   0.00000   0.00000   0.00000   0.00000   0.00000   0.03077   0.00000  -0.00000   0.00000   0.00000   0.00000   0.27662   0.00000   0.00000   0.00000  -0.00000   0.00000   0.03077   0.00000   0.00000   0.00000   0.00000   0.00000   0.04836 
  367.49266  0.02905   0.00000   0.00000   0.00000   0.00000   0.00000   0.03028   0.00000  -0.00000   0.00000   0.00000   0.00000   0.38402   0.00000   0.00000   0.00000  -0.00000   0.00000   0.03028   0.00000   0.00000   0.00000   0.00000   0.00000   0.05772 
  367.56069  0.02844   0.00000   0.00000   0.00000  -0.00000   0.00000   0.02982   0.00000  -0.00000   0.00000   0.00000   0.00000   0.52333   0.00000   0.00000   0.00000  -0.00000   0.00000   0.02982   0.00000  -0.00000   0.00000   0.00000   0.00000   0.06997 
  367.62872  0.02788   0.00000   0.00000   0.00000  -0.00000   0.00000   0.02940   0.00000  -0.00000   0.00000   0.00000   0.00000   0.65328   0.00000   0.00000   0.00000  -0.00000   0.00000   0.02940   0.00000   0.00000   0.00000   0.00000   0.00000   0.08639 
  367.69674  0.02737   0.00000   0.00000   0.00000  -0.00000   0.00000   0.02903   0.00000  -0.00000   0.00000   0.00000   0.00000   0.68601   0.00000   0.00000   0.00000  -0.00000   0.00000   0.02903   0.00000  -0.00000   0.00000   0.00000   0.00000   0.10894 
  367.76477  0.02690   0.00000   0.00000   0.00000   0.00000   0.00000   0.02869   0.00000  -0.00000   0.00000   0.00000   0.00000   0.59355   0.00000   0.00000   0.00000  -0.00000   0.00000   0.02869   0.00000   0.00000   0.00000   0.00000   0.00000   0.14077 
  367.83280  0.02648   0.00000   0.00000   0.00000  -0.00000   0.00000   0.02839   0.00000   0.00000   0.00000   0.00000   0.00000   0.45372   0.00000   0.00000   0.00000   0.00000   0.00000   0.02839   0.00000   0.00000   0.00000   0.00000   0.00000   0.18699 
  367.90083  0.02609   0.00000   0.00000   0.00000  -0.00000   0.00000   0.02812   0.00000   0.00000   0.00000   0.00000   0.00000   0.33263   0.00000   0.00000   0.00000   0.00000   0.00000   0.02812   0.00000   0.00000   0.00000   0.00000   0.00000   0.25574 
  367.96886  0.02574   0.00000   0.00000   0.00000  -0.00000   0.00000   0.02789   0.00000   0.00000   0.00000   0.00000   0.00000   0.24498   0.00000   0.00000   0.00000   0.00000   0.00000   0.02789   0.00000  -0.00000   0.00000   0.00000   0.00000   0.35858 
  368.03689  0.02543   0.00000   0.00000   0.00000  -0.00000   0.00000   0.02770   0.00000   0.00000   0.00000   0.00000   0.00000   0.18451   0.00000   0.00000   0.00000   0.00000   0.00000   0.02770   0.00000  -0.00000   0.00000   0.00000   0.00000   0.50484 
  368.10492  0.02515   0.00000   0.00000   0.00000   0.00000   0.00000   0.02755   0.00000   0.00000   0.00000   0.00000   0.00000   0.14270   0.00000   0.00000   0.00000   0.00000   0.00000   0.02755   0.00000  -0.00000   0.00000   0.00000   0.00000   0.67434 
  368.17295  0.02491   0.00000   0.00000   0.00000  -0.00000   0.00000   0.02744   0.00000   0.00000   0.00000   0.00000   0.00000   0.11322   0.00000   0.00000   0.00000   0.00000   0.00000   0.02744   0.00000   0.00000   0.00000   0.00000   0.00000   0.77475 
  368.24098  0.02470   0.00000   0.00000   0.00000   0.00000   0.00000   0.02737   0.00000   0.00000   0.00000   0.00000   0.00000   0.09192   0.00000   0.00000   0.00000   0.00000   0.00000   0.02737   0.00000   0.00000   0.00000   0.00000   0.00000   0.71466 
  368.30901  0.02453   0.00000   0.00000   0.00000   0.00000   0.00000   0.02735   0.00000   0.00000   0.00000   0.00000   0.00000   0.07615   0.00000   0.00000   0.00000   0.00000   0.00000   0.02735   0.00000  -0.00000   0.00000   0.00000   0.00000   0.55471 
  368.37703  0.02439   0.00000   0.00000   0.00000   0.00000   0.00000   0.02738   0.00000   0.00000   0.00000   0.00000   0.00000   0.06421   0.00000   0.00000   0.00000   0.00000   0.00000   0.02738   0.00000   0.00000   0.00000   0.00000   0.00000   0.40084 
  368.44506  0.02429   0.00000   0.00000   0.00000  -0.00000   0.00000   0.02747   0.00000   0.00000   0.00000   0.00000   0.00000   0.05500   0.00000   0.00000   0.00000   0.00000   0.00000   0.02747   0.00000   0.00000   0.00000   0.00000   0.00000   0.28836 
  368.51309  0.02423   0.00000   0.00000   0.00000  -0.00000   0.00000   0.02763   0.00000  -0.00000   0.00000   0.00000   0.00000   0.04776   0.00000   0.00000   0.00000  -0.00000   0.00000   0.02763   0.00000   0.00000   0.00000   0.00000   0.00000   0.21211 
  368.58112  0.02422   0.00000   0.00000   0.00000   0.00000   0.00000   0.02785   0.00000  -0.00000   0.00000   0.00000   0.00000   0.04199   0.00000   0.00000   0.00000  -0.00000   0.00000   0.02785   0.00000  -0.00000   0.00000   0.00000   0.00000   0.16063 
  368.64915  0.02425   0.00000   0.00000   0.00000  -0.00000   0.00000   0.02817   0.00000   0.00000   0.00000   0.00000   0.00000   0.03733   0.00000   0.00000   0.00000   0.00000   0.00000   0.02817   0.00000  -0.00000   0.00000   0.00000   0.00000   0.12513 
  368.71718  0.02434   0.00000   0.00000   0.00000  -0.00000   0.00000   0.02859   0.00000  -0.00000   0.00000   0.00000   0.00000   0.03352   0.00000   0.00000   0.00000  -0.00000   0.00000   0.02859   0.00000  -0.00000   0.00000   0.00000   0.00000   0.09997 
  368.78521  0.02449   0.00000   0.00000   0.00000  -0.00000   0.00000   0.02912   0.00000  -0.00000   0.00000   0.00000   0.00000   0.03038   0.00000   0.00000   0.00000  -0.00000   0.00000   0.02912   0.00000   0.00000   0.00000   0.00000   0.00000   0.08164 
  368.85324  0.02471   0.00000   0.00000   0.00000  -0.00000   0.00000   0.02980   0.00000   0.00000   0.00000   0.00000   0.00000   0.02777   0.00000   0.00000   0.00000   0.00000   0.00000   0.02980   0.00000  -0.00000   0.00000   0.00000   0.00000   0.06794 
  368.92127  0.02502   0.00000   0.00000   0.00000  -0.00000   0.00000   0.03065   0.00000  -0.00000   0.00000   0.00000   0.00000   0.02557   0.00000   0.00000   0.00000  -0.00000   0.00000   0.03065   0.00000   0.00000   0.00000   0.00000   0.00000   0.05748 
  368.98930  0.02542   0.00000   0.00000   0.00000   0.00000   0.00000   0.03171   0.00000   0.00000   0.00000   0.00000   0.00000   0.02371   0.00000   0.00000   0.00000   0.00000   0.00000   0.03171   0.00000  -0.00000   0.00000   0.00000   0.00000   0.04932 
  369.05732  0.02593   0.00000   0.00000   0.00000  -0.00000   0.00000   0.03302   0.00000  -0.00000   0.00000   0.00000   0.00000   0.02212   0.00000   0.00000   0.00000  -0.00000   0.00000   0.03302   0.00000  -0.00000   0.00000   0.00000   0.00000   0.04284 
  369.12535  0.02658   0.00000   0.00000   0.00000  -0.00000   0.00000   0.03463   0.00000  -0.00000   0.00000   0.00000   0.00000   0.02073   0.00000   0.00000   0.00000  -0.00000   0.00000   0.03463   0.00000  -0.00000   0.00000   0.00000   0.00000   0.03763 
  369.19338  0.02740   0.00000   0.00000   0.00000  -0.00000   0.00000   0.03663   0.00000  -0.00000   0.00000   0.00000   0.00000   0.01950   0.00000   0.00000   0.00000  -0.00000   0.00000   0.03663   0.00000  -0.00000   0.00000   0.00000   0.00000   0.03337 
  369.26141  0.02843   0.00000   0.00000   0.00000  -0.00000   0.00000   0.03909   0.00000   0.00000   0.00000   0.00000   0.00000   0.01841   0.00000   0.00000   0.00000   0.00000   0.00000   0.03909   0.00000   0.00000   0.00000   0.00000   0.00000   0.02985 
  369.32944  0.02971   0.00000   0.00000   0.00000   0.00000   0.00000   0.04211   0.00000   0.00000   0.00000   0.00000   0.00000   0.01742   0.00000   0.00000   0.00000   0.00000   0.00000   0.04211   0.00000   0.00000   0.00000   0.00000   0.00000   0.02691 
  369.39747  0.03130   0.00000   0.00000   0.00000   0.00000   0.00000   0.04581   0.00000  -0.00000   0.00000   0.00000   0.00000   0.01652   0.00000   0.00000   0.00000  -0.00000   0.00000   0.04581   0.00000  -0.00000   0.00000   0.00000   0.00000   0.02443 
  369.46550  0.03329   0.00000   0.00000   0.00000  -0.00000   0.00000   0.05033   0.00000  -0.00000   0.00000   0.00000   0.00000   0.01570   0.00000   0.00000   0.00000  -0.00000   0.00000   0.05033   0.00000  -0.00000   0.00000   0.00000   0.00000   0.02233 
  369.53353  0.03579   0.00000   0.00000   0.00000  -0.00000   0.00000   0.05580   0.00000   0.00000   0.00000   0.00000   0.00000   0.01495   0.00000   0.00000   0.00000   0.00000   0.00000   0.05580   0.00000   0.00000   0.00000   0.00000   0.00000   0.02052 
  369.60156  0.03891   0.00000   0.00000   0.00000   0.00000   0.00000   0.06230   0.00000  -0.00000   0.00000   0.00000   0.00000   0.01426   0.00000   0.00000   0.00000  -0.00000   0.00000   0.06230   0.00000   0.00000   0.00000   0.00000   0.00000   0.01897 
  369.66959  0.04284   0.00000   0.00000   0.00000  -0.00000   0.00000   0.06986   0.00000  -0.00000   0.00000   0.00000   0.00000   0.01364   0.00000   0.00000   0.00000  -0.00000   0.00000   0.06986   0.00000  -0.00000   0.00000   0.00000   0.00000   0.01762 
  369.73761  0.04777   0.00000   0.00000   0.00000  -0.00000   0.00000   0.07830   0.00000   0.00000   0.00000   0.00000   0.00000   0.01308   0.00000   0.00000   0.00000   0.00000   0.00000   0.07830   0.00000  -0.00000   0.00000   0.00000   0.00000   0.01644 
  369.80564  0.05396   0.00000   0.00000   0.00000  -0.00000   0.00000   0.08722   0.00000   0.00000   0.00000   0.00000   0.00000   0.01257   0.00000   0.00000   0.00000   0.00000   0.00000   0.08722   0.00000  -0.00000   0.00000   0.00000   0.00000   0.01541 
  369.87367  0.06165   0.00000   0.00000   0.00000   0.00000   0.00000   0.09589   0.00000   0.00000   0.00000   0.00000   0.00000   0.01212   0.00000   0.00000   0.00000   0.00000   0.00000   0.09589   0.00000  -0.00000   0.00000   0.00000   0.00000   0.01451 
  369.94170  0.07106   0.00000   0.00000   0.00000   0.00000   0.00000   0.10335   0.00000   0.00000   0.00000   0.00000   0.00000   0.01171   0.00000   0.00000   0.00000   0.00000   0.00000   0.10335   0.00000  -0.00000   0.00000   0.00000   0.00000   0.01371 
  370.00973  0.08221   0.00000   0.00000   0.00000  -0.00000   0.00000   0.10862   0.00000   0.00000   0.00000   0.00000   0.00000   0.01135   0.00000   0.00000   0.00000   0.00000   0.00000   0.10862   0.00000   0.00000   0.00000   0.00000   0.00000   0.01300 
  370.07776  0.09477   0.00000   0.00000   0.00000  -0.00000   0.00000   0.11104   0.00000   0.00000   0.00000   0.00000   0.00000   0.01103   0.00000   0.00000   0.00000   0.00000   0.00000   0.11104   0.00000   0.00000   0.00000   0.00000   0.00000   0.01238 
  370.14579  0.10774   0.00000   0.00000   0.00000  -0.00000   0.00000   0.11050   0.00000   0.00000   0.00000   0.00000   0.00000   0.01075   0.00000   0.00000   0.00000   0.00000   0.00000   0.11050   0.00000  -0.00000   0.00000   0.00000   0.00000   0.01183 
  370.21382  0.11943   0.00000   0.00000   0.00000  -0.00000   0.00000   0.10747   0.00000   0.00000   0.00000   0.00000   0.00000   0.01050   0.00000   0.00000   0.00000   0.00000   0.00000   0.10747   0.00000  -0.00000   0.00000   0.00000   0.00000   0.01133 
  370.28185  0.12776   0.00000   0.00000   0.00000   0.00000   0.00000   0.10270   0.00000   0.00000   0.00000   0.00000   0.00000   0.01029   0.00000   0.00000   0.00000   0.00000   0.00000   0.10270   0.00000   0.00000   0.00000   0.00000   0.00000   0.01090 
  370.34988  0.13116   0.00000   0.00000   0.00000  -0.00000   0.00000   0.09698   0.00000  -0.00000   0.00000   0.00000   0.00000   0.01012   0.00000   0.00000   0.00000  -0.00000   0.00000   0.09698   0.00000  -0.00000   0.00000   0.00000   0.00000   0.01051 
  370.41790  0.12935   0.00000   0.00000   0.00000  -0.00000   0.00000   0.09095   0.00000  -0.00000   0.00000   0.00000   0.00000   0.00998   0.00000   0.00000   0.00000  -0.00000   0.00000   0.09095   0.00000   0.00000   0.00000   0.00000   0.00000   0.01017 
  370.48593  0.12336   0.00000   0.00000   0.00000  -0.00000   0.00000   0.08505   0.00000   0.00000   0.00000   0.00000   0.00000   0.00987   0.00000   0.00000   0.00000   0.00000   0.00000   0.08505   0.00000  -0.00000   0.00000   0.00000   0.00000   0.00987 
  370.55396  0.11490   0.00000   0.00000   0.00000   0.00000   0.00000   0.07953   0.00000   0.00000   0.00000   0.00000   0.00000   0.00979   0.00000   0.00000   0.00000   0.00000   0.00000   0.07953   0.00000   0.00000   0.00000   0.00000   0.00000   0.00961 
  370.62199  0.10553   0.00000   0.00000   0.00000  -0.00000   0.00000   0.07449   0.00000  -0.00000   0.00000   0.00000   0.00000   0.00975   0.00000   0.00000   0.00000  -0.00000   0.00000   0.07449   0.00000  -0.00000   0.00000   0.00000   0.00000   0.00938 
  370.69002  0.09634   0.00000   0.00000   0.00000   0.00000   0.00000   0.06998   0.00000   0.00000   0.00000   0.00000   0.00000   0.00973   0.00000   0.00000   0.00000   0.00000   0.00000   0.06998   0.00000   0.00000   0.00000   0.00000   0.00000   0.00919 
  370.75805  0.08788   0.00000   0.00000   0.00000  -0.00000   0.00000   0.06597   0.00000   0.00000   0.00000   0.00000   0.00000   0.00975   0.00000   0.00000   0.00000   0.00000   0.00000   0.06597   0.00000  -0.00000   0.00000   0.00000   0.00000   0.00903 
  370.82608  0.08039   0.00000   0.00000   0.00000   0.00000   0.00000   0.06242   0.00000  -0.00000   0.00000   0.00000   0.00000   0.00981   0.00000   0.00000   0.00000  -0.00000   0.00000   0.06242   0.00000  -0.00000   0.00000   0.00000   0.00000   0.00889 
  370.89411  0.07389   0.00000   0.00000   0.00000  -0.00000   0.00000   0.05929   0.00000  -0.00000   0.00000   0.00000   0.00000   0.00990   0.00000   0.00000   0.00000  -0.00000   0.00000   0.05929   0.00000   0.00000   0.00000   0.00000   0.00000   0.00879 
  370.96214  0.06831   0.00000   0.00000   0.00000   0.00000   0.00000   0.05653   0.00000   0.00000   0.00000   0.00000   0.00000   0.01003   0.00000   0.00000   0.00000   0.00000   0.00000   0.05653   0.00000  -0.00000   0.00000   0.00000   0.00000   0.00872 
  371.03017  0.06352   0.00000   0.00000   0.00000  -0.00000   0.00000   0.05408   0.00000   0.00000   0.00000   0.00000   0.00000   0.01021   0.00000   0.00000   0.00000   0.00000   0.00000   0.05408   0.00000   0.00000   0.00000   0.00000   0.00000   0.00867 
  371.09819  0.05943   0.00000   0.00000   0.00000  -0.00000   0.00000   0.05192   0.00000   0.00000   0.00000   0.00000   0.00000   0.01044   0.00000   0.00000   0.00000   0.00000   0.00000   0.05192   0.00000  -0.00000   0.00000   0.00000   0.00000   0.00865 
  371.16622  0.05591   0.00000   0.00000   0.00000  -0.00000   0.00000   0.04998   0.00000  -0.00000   0.00000   0.00000   0.00000   0.01072   0.00000   0.00000   0.00000  -0.00000   0.00000   0.04998   0.00000  -0.00000   0.00000   0.00000   0.00000   0.00867 
  371.23425  0.05287   0.00000   0.00000   0.00000   0.00000   0.00000   0.04826   0.00000  -0.00000   0.00000   0.00000   0.00000   0.01106   0.00000   0.00000   0.00000  -0.00000   0.00000   0.04826   0.00000   0.00000   0.00000   0.00000   0.00000   0.00871 
  371.30228  0.05024   0.00000   0.00000   0.00000  -0.00000   0.00000   0.04672   0.00000  -0.00000   0.00000   0.00000   0.00000   0.01148   0.00000   0.00000   0.00000  -0.00000   0.00000   0.04672   0.00000   0.00000   0.00000   0.00000   0.00000   0.00878 
  371.37031  0.04794   0.00000   0.00000   0.00000   0.00000   0.00000   0.04533   0.00000  -0.00000   0.00000   0.00000   0.00000   0.01199   0.00000   0.00000   0.00000  -0.00000   0.00000   0.04533   0.00000   0.00000   0.00000   0.00000   0.00000   0.00890 
  371.43834  0.04594   0.00000   0.00000   0.00000   0.00000   0.00000   0.04407   0.00000   0.00000   0.00000   0.00000   0.00000   0.01259   0.00000   0.00000   0.00000   0.00000   0.00000   0.04407   0.00000  -0.00000   0.00000   0.00000   0.00000   0.00905 
  371.50637  0.04417   0.00000   0.00000   0.00000   0.00000   0.00000   0.04293   0.00000  -0.00000   0.00000   0.00000   0.00000   0.01332   0.00000   0.00000   0.00000  -0.00000   0.00000   0.04293   0.00000   0.00000   0.00000   0.00000   0.00000   0.00924 
  371.57440  0.04260   0.00000   0.00000   0.00000   0.00000   0.00000   0.04190   0.00000   0.00000   0.00000   0.00000   0.00000   0.01419   0.00000   0.00000   0.00000   0.00000   0.00000   0.04190   0.00000   0.00000   0.00000   0.00000   0.00000   0.00947 
  371.64243  0.04121   0.00000   0.00000   0.00000   0.00000   0.00000   0.04095   0.00000   0.00000   0.00000   0.00000   0.00000   0.01524   0.00000   0.00000   0.00000   0.00000   0.00000   0.04095   0.00000   0.00000   0.00000   0.00000   0.00000   0.00976 
  371.71046  0.03997   0.00000   0.00000   0.00000  -0.00000   0.00000   0.04008   0.00000   0.00000   0.00000   0.00000   0.00000   0.01652   0.00000   0.00000   0.00000   0.00000   0.00000   0.04008   0.00000   0.00000   0.00000   0.00000   0.00000   0.01012 
  371.77848  0.03886   0.00000   0.00000   0.00000   0.00000   0.00000   0.03929   0.00000   0.00000   0.00000   0.00000   0.00000   0.01808   0.00000   0.00000   0.00000   0.00000   0.00000   0.03929   0.00000  -0.00000   0.00000   0.00000   0.00000   0.01054 
  371.84651  0.03785   0.00000   0.00000   0.00000  -0.00000   0.00000   0.03855   0.00000   0.00000   0.00000   0.00000   0.00000   0.01999   0.00000   0.00000   0.00000   0.00000   0.00000   0.03855   0.00000   0.00000   0.00000   0.00000   0.00000   0.01104 
  371.91454  0.03694   0.00000   0.00000   0.00000  -0.00000   0.00000   0.03788   0.00000  -0.00000   0.00000   0.00000   0.00000   0.02237   0.00000   0.00000   0.00000  -0.00000   0.00000   0.03788   0.00000  -0.00000   0.00000   0.00000   0.00000   0.01163 
  371.98257  0.03611   0.00000   0.00000   0.00000   0.00000   0.00000   0.03725   0.00000  -0.00000   0.00000   0.00000   0.00000   0.02537   0.00000   0.00000   0.00000  -0.00000   0.00000   0.03725   0.00000   0.00000   0.00000   0.00000   0.00000   0.01235 
  372.05060  0.03536   0.00000   0.00000   0.00000  -0.00000   0.00000   0.03666   0.00000  -0.00000   0.00000   0.00000   0.00000   0.02920   0.00000   0.00000   0.00000  -0.00000   0.00000   0.03666   0.00000   0.00000   0.00000   0.00000   0.00000   0.01320 
  372.11863  0.03467   0.00000   0.00000   0.00000  -0.00000   0.00000   0.03611   0.00000  -0.00000   0.00000   0.00000   0.00000   0.03417   0.00000   0.00000   0.00000  -0.00000   0.00000   0.03611   0.00000  -0.00000   0.00000   0.00000   0.00000   0.01422 
  372.18666  0.03403   0.00000   0.00000   0.00000  -0.00000   0.00000   0.03560   0.00000  -0.00000   0.00000   0.00000   0.00000   0.04074   0.00000   0.00000   0.00000  -0.00000   0.00000   0.03560   0.00000  -0.00000   0.00000   0.00000   0.00000   0.01544 
  372.25469  0.03345   0.00000   0.00000   0.00000  -0.00000   0.00000   0.03512   0.00000  -0.00000   0.00000   0.00000   0.00000   0.04962   0.00000   0.00000   0.00000  -0.00000   0.00000   0.03512   0.00000  -0.00000   0.00000   0.00000   0.00000   0.01693 
  372.32272  0.03291   0.00000   0.00000   0.00000  -0.00000   0.00000   0.03467   0.00000  -0.00000   0.00000   0.00000   0.00000   0.06190   0.00000   0.00000   0.00000  -0.00000   0.00000   0.03467   0.00000   0.00000   0.00000   0.00000   0.00000   0.01876 
  372.39075  0.03241   0.00000   0.00000   0.00000   0.00000   0.00000   0.03425   0.00000  -0.00000   0.00000   0.00000   0.00000   0.07933   0.00000   0.00000   0.00000  -0.00000   0.00000   0.03425   0.00000   0.00000   0.00000   0.00000   0.00000   0.02102 
  372.45877  0.03194   0.00000   0.00000   0.00000   0.00000   0.00000   0.03385   0.00000   0.00000   0.00000   0.00000   0.00000   0.10464   0.00000   0.00000   0.00000   0.00000   0.00000   0.03385   0.00000  -0.00000   0.00000   0.00000   0.00000   0.02384 
  372.52680  0.03151   0.00000   0.00000   0.00000  -0.00000   0.00000   0.03347   0.00000  -0.00000   0.00000   0.00000   0.00000   0.14185   0.00000   0.00000   0.00000  -0.00000   0.00000   0.03347   0.00000  -0.00000   0.00000   0.00000   0.00000   0.02742 
  372.59483  0.03110   0.00000   0.00000   0.00000   0.00000   0.00000   0.03311   0.00000   0.00000   0.00000   0.00000   0.00000   0.19551   0.00000   0.00000   0.00000   0.00000   0.00000   0.03311   0.00000  -0.00000   0.00000   0.00000   0.00000   0.03205 
  372.66286  0.03072   0.00000   0.00000   0.00000  -0.00000   0.00000   0.03276   0.00000  -0.00000   0.00000   0.00000   0.00000   0.26511   0.00000   0.00000   0.00000  -0.00000   0.00000   0.03276   0.00000  -0.00000   0.00000   0.00000   0.00000   0.03812 
  372.73089  0.03036   0.00000   0.00000   0.00000   0.00000   0.00000   0.03244   0.00000  -0.00000   0.00000   0.00000   0.00000   0.33004   0.00000   0.00000   0.00000  -0.00000   0.00000   0.03244   0.00000  -0.00000   0.00000   0.00000   0.00000   0.04628 
  372.79892  0.03003   0.00000   0.00000   0.00000   0.00000   0.00000   0.03213   0.00000  -0.00000   0.00000   0.00000   0.00000   0.34636   0.00000   0.00000   0.00000  -0.00000   0.00000   0.03213   0.00000   0.00000   0.00000   0.00000   0.00000   0.05750 
  372.86695  0.02971   0.00000   0.00000   0.00000   0.00000   0.00000   0.03183   0.00000  -0.00000   0.00000   0.00000   0.00000   0.30009   0.00000   0.00000   0.00000  -0.00000   0.00000   0.03183   0.00000   0.00000   0.00000   0.00000   0.00000   0.07337 
  372.93498  0.02941   0.00000   0.00000   0.00000   0.00000   0.00000   0.03154   0.00000   0.00000   0.00000   0.00000   0.00000   0.23013   0.00000   0.00000   0.00000   0.00000   0.00000   0.03154   0.00000  -0.00000   0.00000   0.00000   0.00000   0.09643 
  373.00301  0.02912   0.00000   0.00000   0.00000   0.00000   0.00000   0.03127   0.00000   0.00000   0.00000   0.00000   0.00000   0.16954   0.00000   0.00000   0.00000   0.00000   0.00000   0.03127   0.00000   0.00000   0.00000   0.00000   0.00000   0.13077 
  373.07104  0.02885   0.00000   0.00000   0.00000  -0.00000   0.00000   0.03100   0.00000   0.00000   0.00000   0.00000   0.00000   0.12567   0.00000   0.00000   0.00000   0.00000   0.00000   0.03100   0.00000  -0.00000   0.00000   0.00000   0.00000   0.18214 
  373.13906  0.02859   0.00000   0.00000   0.00000   0.00000   0.00000   0.03075   0.00000  -0.00000   0.00000   0.00000   0.00000   0.09539   0.00000   0.00000   0.00000  -0.00000   0.00000   0.03075   0.00000  -0.00000   0.00000   0.00000   0.00000   0.25523 
  373.20709  0.02835   0.00000   0.00000   0.00000  -0.00000   0.00000   0.03051   0.00000  -0.00000   0.00000   0.00000   0.00000   0.07443   0.00000   0.00000   0.00000  -0.00000   0.00000   0.03051   0.00000  -0.00000   0.00000   0.00000   0.00000   0.33994 
  373.27512  0.02811   0.00000   0.00000   0.00000   0.00000   0.00000   0.03027   0.00000   0.00000   0.00000   0.00000   0.00000   0.05964   0.00000   0.00000   0.00000   0.00000   0.00000   0.03027   0.00000   0.00000   0.00000   0.00000   0.00000   0.39011 
  373.34315  0.02789   0.00000   0.00000   0.00000   0.00000   0.00000   0.03004   0.00000   0.00000   0.00000   0.00000   0.00000   0.04894   0.00000   0.00000   0.00000   0.00000   0.00000   0.03004   0.00000   0.00000   0.00000   0.00000   0.00000   0.36002 
  373.41118  0.02767   0.00000   0.00000   0.00000   0.00000   0.00000   0.02982   0.00000  -0.00000   0.00000   0.00000   0.00000   0.04100   0.00000   0.00000   0.00000  -0.00000   0.00000   0.02982   0.00000   0.00000   0.00000   0.00000   0.00000   0.28001 
  373.47921  0.02747   0.00000   0.00000   0.00000   0.00000   0.00000   0.02961   0.00000  -0.00000   0.00000   0.00000   0.00000   0.03497   0.00000   0.00000   0.00000  -0.00000   0.00000   0.02961   0.00000  -0.00000   0.00000   0.00000   0.00000   0.20304 
  373.54724  0.02727   0.00000   0.00000   0.00000  -0.00000   0.00000   0.02940   0.00000  -0.00000   0.00000   0.00000   0.00000   0.03030   0.00000   0.00000   0.00000  -0.00000   0.00000   0.02940   0.00000  -0.00000   0.00000   0.00000   0.00000   0.14676 
  373.61527  0.02708   0.00000   0.00000   0.00000  -0.00000   0.00000   0.02919   0.00000  -0.00000   0.00000   0.00000   0.00000   0.02662   0.00000   0.00000   0.00000  -0.00000   0.00000   0.02919   0.00000  -0.00000   0.00000   0.00000   0.00000   0.10861 
  373.68330  0.02689   0.00000   0.00000   0.00000  -0.00000   0.00000   0.02900   0.00000  -0.00000   0.00000   0.00000   0.00000   0.02366   0.00000   0.00000   0.00000  -0.00000   0.00000   0.02900   0.00000   0.00000   0.00000   0.00000   0.00000   0.08283 
  373.75133  0.02671   0.00000   0.00000   0.00000  -0.00000   0.00000   0.02880   0.00000   0.00000   0.00000   0.00000   0.00000   0.02125   0.00000   0.00000   0.00000   0.00000   0.00000   0.02880   0.00000   0.00000   0.00000   0.00000   0.00000   0.06505 
  373.81935  0.02654   0.00000   0.00000   0.00000   0.00000   0.00000   0.02862   0.00000  -0.00000   0.00000   0.00000   0.00000   0.01927   0.00000   0.00000   0.00000  -0.00000   0.00000   0.02862   0.00000   0.00000   0.00000   0.00000   0.00000   0.05244 
  373.88738  0.02637   0.00000   0.00000   0.00000  -0.00000   0.00000   0.02843   0.00000   0.00000   0.00000   0.00000   0.00000   0.01761   0.00000   0.00000   0.00000   0.00000   0.00000   0.02843   0.00000  -0.00000   0.00000   0.00000   0.00000   0.04324 
  373.95541  0.02621   0.00000   0.00000   0.00000  -0.00000   0.00000   0.02825   0.00000   0.00000   0.00000   0.00000   0.00000   0.01622   0.00000   0.00000   0.00000   0.00000   0.00000   0.02825   0.00000   0.00000   0.00000   0.00000   0.00000   0.03636 
  374.02344  0.02605   0.00000   0.00000   0.00000   0.00000   0.00000   0.02808   0.00000   0.00000   0.00000   0.00000   0.00000   0.01503   0.00000   0.00000   0.00000   0.00000   0.00000   0.02808   0.00000   0.00000   0.00000   0.00000   0.00000   0.03110 
  374.09147  0.02589   0.00000   0.00000   0.00000  -0.00000   0.00000   0.02790   0.00000   0.00000   0.00000   0.00000   0.00000   0.01401   0.00000   0.00000   0.00000   0.00000   0.00000   0.02790   0.00000   0.00000   0.00000   0.00000   0.00000   0.02699 
  374.15950  0.02574   0.00000   0.00000   0.00000  -0.00000   0.00000   0.02773   0.00000   0.00000   0.00000   0.00000   0.00000   0.01313   0.00000   0.00000   0.00000   0.00000   0.00000   0.02773   0.00000  -0.00000   0.00000   0.00000   0.00000   0.02373 
  374.22753  0.02560   0.00000   0.00000   0.00000   0.00000   0.00000   0.02757   0.00000  -0.00000   0.00000   0.00000   0.00000   0.01237   0.00000   0.00000   0.00000  -0.00000   0.00000   0.02757   0.00000  -0.00000   0.00000   0.00000   0.00000   0.02109 
  374.29556  0.02545   0.00000   0.00000   0.00000   0.00000   0.00000   0.02740   0.00000   0.00000   0.00000   0.00000   0.00000   0.01169   0.00000   0.00000   0.00000   0.00000   0.00000   0.02740   0.00000   0.00000   0.00000   0.00000   0.00000   0.01893 
  374.36359  0.02531   0.00000   0.00000   0.00000   0.00000   0.00000   0.02724   0.00000   0.00000   0.00000   0.00000   0.00000   0.01110   0.00000   0.00000   0.00000   0.00000   0.00000   0.02724   0.00000   0.00000   0.00000   0.00000   0.00000   0.01714 
  374.43162  0.02517   0.00000   0.00000   0.00000   0.00000   0.00000   0.02708   0.00000   0.00000   0.00000   0.00000   0.00000   0.01058   0.00000   0.00000   0.00000   0.00000   0.00000   0.02708   0.00000   0.00000   0.00000   0.00000   0.00000   0.01564 
  374.49964  0.02504   0.00000   0.00000   0.00000   0.00000   0.00000   0.02692   0.00000   0.00000   0.00000   0.00000   0.00000   0.01012   0.00000   0.00000   0.00000   0.00000   0.00000   0.02692   0.00000   0.00000   0.00000   0.00000   0.00000   0.01437 
  374.56767  0.02491   0.00000   0.00000   0.00000   0.00000   0.00000   0.02677   0.00000   0.00000   0.00000   0.00000   0.00000   0.00970   0.00000   0.00000   0.00000   0.00000   0.00000   0.02677   0.00000  -0.00000   0.00000   0.00000   0.00000   0.01329 
  374.63570  0.02478   0.00000   0.00000   0.00000  -0.00000   0.00000   0.02662   0.00000   0.00000   0.00000   0.00000   0.00000   0.00933   0.00000   0.00000   0.00000   0.00000   0.00000   0.02662   0.00000  -0.00000   0.00000   0.00000   0.00000   0.01236 
  374.70373  0.02465   0.00000   0.00000   0.00000  -0.00000   0.00000   0.02647   0.00000   0.00000   0.00000   0.00000   0.00000   0.00899   0.00000   0.00000   0.00000   0.00000   0.00000   0.02647   0.00000  -0.00000   0.00000   0.00000   0.00000   0.01155 
  374.77176  0.02452   0.00000   0.00000   0.00000  -0.00000   0.00000   0.02632   0.00000   0.00000   0.00000   0.00000   0.00000   0.00869   0.00000   0.00000   0.00000   0.00000   0.00000   0.02632   0.00000  -0.00000   0.00000   0.00000   0.00000   0.01084 
  374.83979  0.02440   0.00000   0.00000   0.00000   0.00000   0.00000   0.02617   0.00000   0.00000   0.00000   0.00000   0.00000   0.00841   0.00000   0.00000   0.00000   0.00000   0.00000   0.02617   0.00000   0.00000   0.00000   0.00000   0.00000   0.01023 
  374.90782  0.02428   0.00000   0.00000   0.00000   0.00000   0.00000   0.02602   0.00000   0.00000   0.00000   0.00000   0.00000   0.00816   0.00000   0.00000   0.00000   0.00000   0.00000   0.02602   0.00000   0.00000   0.00000   0.00000   0.00000   0.00968 
  374.97585  0.02416   0.00000   0.00000   0.00000  -0.00000   0.00000   0.02588   0.00000   0.00000   0.00000   0.00000   0.00000   0.00793   0.00000   0.00000   0.00000   0.00000   0.00000   0.02588   0.00000  -0.00000   0.00000   0.00000   0.00000   0.00919 
  375.04388  0.02404   0.00000   0.00000   0.00000   0.00000   0.00000   0.02574   0.00000   0.00000   0.00000   0.00000   0.00000   0.00772   0.00000   0.00000   0.00000   0.00000   0.00000   0.02574   0.00000   0.00000   0.00000   0.00000   0.00000   0.00876 
  375.11191  0.02392   0.00000   0.00000   0.00000  -0.00000   0.00000   0.02559   0.00000   0.00000   0.00000   0.00000   0.00000   0.00753   0.00000   0.00000   0.00000   0.00000   0.00000   0.02559   0.00000  -0.00000   0.00000   0.00000   0.00000   0.00837 
  375.17993  0.02380   0.00000   0.00000   0.00000  -0.00000   0.00000   0.02545   0.00000   0.00000   0.00000   0.00000   0.00000   0.00735   0.00000   0.00000   0.00000   0.00000   0.00000   0.02545   0.00000  -0.00000   0.00000   0.00000   0.00000   0.00802 
  375.24796  0.02369   0.00000   0.00000   0.00000  -0.00000   0.00000   0.02531   0.00000  -0.00000   0.00000   0.00000   0.00000   0.00719   0.00000   0.00000   0.00000  -0.00000   0.00000   0.02531   0.00000   0.00000   0.00000   0.00000   0.00000   0.00771 
  375.31599  0.02357   0.00000   0.00000   0.00000  -0.00000   0.00000   0.02518   0.00000   0.00000   0.00000   0.00000   0.00000   0.00704   0.00000   0.00000   0.00000   0.00000   0.00000   0.02518   0.00000  -0.00000   0.00000   0.00000   0.00000   0.00742 
  375.38402  0.02346   0.00000   0.00000   0.00000  -0.00000   0.00000   0.02504   0.00000  -0.00000   0.00000   0.00000   0.00000   0.00690   0.00000   0.00000   0.00000  -0.00000   0.00000   0.02504   0.00000  -0.00000   0.00000   0.00000   0.00000   0.00717 
  375.45205  0.02335   0.00000   0.00000   0.00000  -0.00000   0.00000   0.02490   0.00000  -0.00000   0.00000   0.00000   0.00000   0.00677   0.00000   0.00000   0.00000  -0.00000   0.00000   0.02490   0.00000  -0.00000   0.00000   0.00000   0.00000   0.00693 
  375.52008  0.02324   0.00000   0.00000   0.00000   0.00000   0.00000   0.02477   0.00000  -0.00000   0.00000   0.00000   0.00000   0.00665   0.00000   0.00000   0.00000  -0.00000   0.00000   0.02477   0.00000   0.00000   0.00000   0.00000   0.00000   0.00671 
  375.58811  0.02313   0.00000   0.00000   0.00000  -0.00000   0.00000   0.02463   0.00000  -0.00000   0.00000   0.00000   0.00000   0.00654   0.00000   0.00000   0.00000  -0.00000   0.00000   0.02463   0.00000  -0.00000   0.00000   0.00000   0.00000   0.00652 
  375.65614  0.02302   0.00000   0.00000   0.00000   0.00000   0.00000   0.02450   0.00000  -0.00000   0.00000   0.00000   0.00000   0.00644   0.00000   0.00000   0.00000  -0.00000   0.00000   0.02450   0.00000  -0.00000   0.00000   0.00000   0.00000   0.00633 
  375.72417  0.02291   0.00000   0.00000   0.00000  -0.00000   0.00000   0.02436   0.00000  -0.00000   0.00000   0.00000   0.00000   0.00634   0.00000   0.00000   0.00000  -0.00000   0.00000   0.02436   0.00000   0.00000   0.00000   0.00000   0.00000   0.00617 
  375.79220  0.02280   0.00000   0.00000   0.00000  -0.00000   0.00000   0.02423   0.00000   0.00000   0.00000   0.00000   0.00000   0.00625   0.00000   0.00000   0.00000   0.00000   0.00000   0.02423   0.00000   0.00000   0.00000   0.00000   0.00000   0.00601 
  375.86022  0.02269   0.00000   0.00000   0.00000   0.00000   0.00000   0.02410   0.00000  -0.00000   0.00000   0.00000   0.00000   0.00617   0.00000   0.00000   0.00000  -0.00000   0.00000   0.02410   0.00000  -0.00000   0.00000   0.00000   0.00000   0.00587 
  375.92825  0.02258   0.00000   0.00000   0.00000   0.00000   0.00000   0.02397   0.00000  -0.00000   0.00000   0.00000   0.00000   0.00609   0.00000   0.00000   0.00000  -0.00000   0.00000   0.02397   0.00000   0.00000   0.00000   0.00000   0.00000   0.00574 
  375.99628  0.02248   0.00000   0.00000   0.00000   0.00000   0.00000   0.02383   0.00000  -0.00000   0.00000   0.00000   0.00000   0.00602   0.00000   0.00000   0.00000  -0.00000   0.00000   0.02383   0.00000  -0.00000   0.00000   0.00000   0.00000   0.00562 
  376.06431  0.02237   0.00000   0.00000   0.00000   0.00000   0.00000   0.02370   0.00000  -0.00000   0.00000   0.00000   0.00000   0.00595   0.00000   0.00000   0.00000  -0.00000   0.00000   0.02370   0.00000  -0.00000   0.00000   0.00000   0.00000   0.00550 
  376.13234  0.02227   0.00000   0.00000   0.00000  -0.00000   0.00000   0.02357   0.00000  -0.00000   0.00000   0.00000   0.00000   0.00589   0.00000   0.00000   0.00000  -0.00000   0.00000   0.02357   0.00000  -0.00000   0.00000   0.00000   0.00000   0.00540 
  376.20037  0.02216   0.00000   0.00000   0.00000   0.00000   0.00000   0.02344   0.00000  -0.00000   0.00000   0.00000   0.00000   0.00583   0.00000   0.00000   0.00000  -0.00000   0.00000   0.02344   0.00000   0.00000   0.00000   0.00000   0.00000   0.00530 
  376.26840  0.02206   0.00000   0.00000   0.00000   0.00000   0.00000   0.02331   0.00000  -0.00000   0.00000   0.00000   0.00000   0.00577   0.00000   0.00000   0.00000  -0.00000   0.00000   0.02331   0.00000   0.00000   0.00000   0.00000   0.00000   0.00521 
  376.33643  0.02195   0.00000   0.00000   0.00000  -0.00000   0.00000   0.02319   0.00000  -0.00000   0.00000   0.00000   0.00000   0.00572   0.00000   0.00000   0.00000  -0.00000   0.00000   0.02319   0.00000   0.00000   0.00000   0.00000   0.00000   0.00512 
  376.40446  0.02185   0.00000   0.00000   0.00000  -0.00000   0.00000   0.02306   0.00000  -0.00000   0.00000   0.00000   0.00000   0.00567   0.00000   0.00000   0.00000  -0.00000   0.00000   0.02306   0.00000  -0.00000   0.00000   0.00000   0.00000   0.00504 
  376.47249  0.02175   0.00000   0.00000   0.00000   0.00000   0.00000   0.02293   0.00000  -0.00000   0.00000   0.00000   0.00000   0.00562   0.00000   0.00000   0.00000  -0.00000   0.00000   0.02293   0.00000   0.00000   0.00000   0.00000   0.00000   0.00496 
  376.54051  0.02164   0.00000   0.00000   0.00000   0.00000   0.00000   0.02280   0.00000  -0.00000   0.00000   0.00000   0.00000   0.00558   0.00000   0.00000   0.00000  -0.00000   0.00000   0.02280   0.00000   0.00000   0.00000   0.00000   0.00000   0.00489 
  376.60854  0.02154   0.00000   0.00000   0.00000   0.00000   0.00000   0.02267   0.00000  -0.00000   0.00000   0.00000   0.00000   0.00554   0.00000   0.00000   0.00000  -0.00000   0.00000   0.02267   0.00000   0.00000   0.00000   0.00000   0.00000   0.00483 
  376.67657  0.02144   0.00000   0.00000   0.00000   0.00000   0.00000   0.02255   0.00000  -0.00000   0.00000   0.00000   0.00000   0.00550   0.00000   0.00000   0.00000  -0.00000   0.00000   0.02255   0.00000  -0.00000   0.00000   0.00000   0.00000   0.00476 
  376.74460  0.02133   0.00000   0.00000   0.00000   0.00000   0.00000   0.02242   0.00000  -0.00000   0.00000   0.00000   0.00000   0.00546   0.00000   0.00000   0.00000  -0.00000   0.00000   0.02242   0.00000   0.00000   0.00000   0.00000   0.00000   0.00470 
  376.81263  0.02123   0.00000   0.00000   0.00000  -0.00000   0.00000   0.02229   0.00000  -0.00000   0.00000   0.00000   0.00000   0.00543   0.00000   0.00000   0.00000  -0.00000   0.00000   0.02229   0.00000  -0.00000   0.00000   0.00000   0.00000   0.00465 
  376.88066  0.02113   0.00000   0.00000   0.00000   0.00000   0.00000   0.02217   0.00000   0.00000   0.00000   0.00000   0.00000   0.00540   0.00000   0.00000   0.00000   0.00000   0.00000   0.02217   0.00000  -0.00000   0.00000   0.00000   0.00000   0.00460 
