# omega, Ix+Iy+Iz, Ix, Iy, Iz, I-, I+, omega+ecore
  357.83254   0.0059820   0.0020831   0.0020831   0.0018158   0.0020831   0.0020831    -5.86844
  357.90057   0.0057038   0.0019855   0.0019855   0.0017328   0.0019855   0.0019855    -5.80041
  357.96860   0.0054541   0.0018979   0.0018979   0.0016583   0.0018979   0.0018979    -5.73238
  358.03663   0.0052295   0.0018191   0.0018191   0.0015914   0.0018191   0.0018191    -5.66435
  358.10466   0.0050271   0.0017480   0.0017480   0.0015311   0.0017480   0.0017480    -5.59632
  358.17268   0.0048445   0.0016839   0.0016839   0.0014767   0.0016839   0.0016839    -5.52830
  358.24071   0.0046792   0.0016259   0.0016259   0.0014275   0.0016259   0.0016259    -5.46027
  358.30874   0.0045296   0.0015733   0.0015733   0.0013830   0.0015733   0.0015733    -5.39224
  358.37677   0.0043939   0.0015256   0.0015256   0.0013428   0.0015256   0.0015256    -5.32421
  358.44480   0.0042713   0.0014823   0.0014823   0.0013068   0.0014823   0.0014823    -5.25618
  358.51283   0.0041691   0.0014443   0.0014443   0.0012805   0.0014443   0.0014443    -5.18815
  358.58086   0.0040715   0.0014078   0.0014078   0.0012559   0.0014078   0.0014078    -5.12012
  358.64889   0.0039600   0.0013731   0.0013731   0.0012137   0.0013731   0.0013731    -5.05209
  358.71692   0.0038740   0.0013429   0.0013429   0.0011883   0.0013429   0.0013429    -4.98406
  358.78495   0.0037954   0.0013152   0.0013152   0.0011650   0.0013152   0.0013152    -4.91603
  358.85297   0.0037234   0.0012898   0.0012898   0.0011438   0.0012898   0.0012898    -4.84801
  358.92100   0.0036593   0.0012671   0.0012671   0.0011250   0.0012671   0.0012671    -4.77998
  358.98903   0.0036009   0.0012465   0.0012465   0.0011079   0.0012465   0.0012465    -4.71195
  359.05706   0.0035487   0.0012280   0.0012280   0.0010927   0.0012280   0.0012280    -4.64392
  359.12509   0.0035030   0.0012118   0.0012118   0.0010795   0.0012118   0.0012118    -4.57589
  359.19312   0.0034637   0.0011978   0.0011978   0.0010682   0.0011978   0.0011978    -4.50786
  359.26115   0.0034314   0.0011862   0.0011862   0.0010590   0.0011862   0.0011862    -4.43983
  359.32918   0.0034066   0.0011772   0.0011772   0.0010522   0.0011772   0.0011772    -4.37180
  359.39721   0.0033906   0.0011713   0.0011713   0.0010481   0.0011713   0.0011713    -4.30377
  359.46524   0.0033849   0.0011689   0.0011689   0.0010472   0.0011689   0.0011689    -4.23574
  359.53326   0.0033920   0.0011709   0.0011709   0.0010501   0.0011709   0.0011709    -4.16772
  359.60129   0.0034153   0.0011786   0.0011786   0.0010581   0.0011786   0.0011786    -4.09969
  359.66932   0.0034598   0.0011937   0.0011937   0.0010725   0.0011937   0.0011937    -4.03166
  359.73735   0.0035326   0.0012186   0.0012186   0.0010954   0.0012186   0.0012186    -3.96363
  359.80538   0.0036435   0.0012569   0.0012569   0.0011297   0.0012569   0.0012569    -3.89560
  359.87341   0.0038052   0.0013131   0.0013131   0.0011791   0.0013131   0.0013131    -3.82757
  359.94144   0.0040322   0.0013923   0.0013923   0.0012476   0.0013923   0.0013923    -3.75954
  360.00947   0.0043359   0.0014987   0.0014987   0.0013385   0.0014987   0.0014987    -3.69151
  360.07750   0.0047129   0.0016309   0.0016309   0.0014511   0.0016309   0.0016309    -3.62348
  360.14553   0.0051283   0.0017759   0.0017759   0.0015764   0.0017759   0.0017759    -3.55545
  360.21355   0.0055093   0.0019071   0.0019071   0.0016951   0.0019071   0.0019071    -3.48743
  360.28158   0.0057745   0.0019952   0.0019952   0.0017841   0.0019952   0.0019952    -3.41940
  360.34961   0.0058849   0.0020275   0.0020275   0.0018298   0.0020275   0.0020275    -3.35137
  360.41764   0.0058607   0.0020135   0.0020135   0.0018337   0.0020135   0.0020135    -3.28334
  360.48567   0.0057519   0.0019730   0.0019730   0.0018059   0.0019730   0.0019730    -3.21531
  360.55370   0.0056158   0.0019254   0.0019254   0.0017650   0.0019254   0.0019254    -3.14728
  360.62173   0.0054957   0.0018839   0.0018839   0.0017278   0.0018839   0.0018839    -3.07925
  360.68976   0.0054106   0.0018546   0.0018546   0.0017013   0.0018546   0.0018546    -3.01122
  360.75779   0.0053666   0.0018397   0.0018397   0.0016872   0.0018397   0.0018397    -2.94319
  360.82582   0.0053656   0.0018397   0.0018397   0.0016861   0.0018397   0.0018397    -2.87516
  360.89384   0.0054087   0.0018551   0.0018551   0.0016984   0.0018551   0.0018551    -2.80714
  360.96187   0.0054973   0.0018864   0.0018864   0.0017245   0.0018864   0.0018864    -2.73911
  361.02990   0.0056336   0.0019343   0.0019343   0.0017650   0.0019343   0.0019343    -2.67108
  361.09793   0.0058210   0.0020001   0.0020001   0.0018209   0.0020001   0.0020001    -2.60305
  361.16596   0.0060636   0.0020851   0.0020851   0.0018934   0.0020851   0.0020851    -2.53502
  361.23399   0.0063660   0.0021911   0.0021911   0.0019839   0.0021911   0.0021911    -2.46699
  361.30202   0.0067325   0.0023194   0.0023194   0.0020937   0.0023194   0.0023194    -2.39896
  361.37005   0.0071652   0.0024708   0.0024708   0.0022236   0.0024708   0.0024708    -2.33093
  361.43808   0.0076618   0.0026444   0.0026444   0.0023730   0.0026444   0.0026444    -2.26290
  361.50611   0.0082130   0.0028367   0.0028367   0.0025397   0.0028367   0.0028367    -2.19487
  361.57413   0.0087993   0.0030405   0.0030405   0.0027184   0.0030405   0.0030405    -2.12685
  361.64216   0.0093895   0.0032444   0.0032444   0.0029006   0.0032444   0.0032444    -2.05882
  361.71019   0.0099428   0.0034339   0.0034339   0.0030750   0.0034339   0.0034339    -1.99079
  361.77822   0.0104159   0.0035934   0.0035934   0.0032291   0.0035934   0.0035934    -1.92276
  361.84625   0.0107741   0.0037106   0.0037106   0.0033528   0.0037106   0.0037106    -1.85473
  361.91428   0.0110016   0.0037801   0.0037801   0.0034414   0.0037801   0.0037801    -1.78670
  361.98231   0.0111074   0.0038051   0.0038051   0.0034973   0.0038051   0.0038051    -1.71867
  362.05034   0.0111241   0.0037964   0.0037964   0.0035314   0.0037964   0.0037964    -1.65064
  362.11837   0.0111025   0.0037705   0.0037705   0.0035614   0.0037705   0.0037705    -1.58261
  362.18640   0.0110461   0.0037321   0.0037321   0.0035819   0.0037321   0.0037321    -1.51458
  362.25442   0.0108970   0.0036698   0.0036698   0.0035574   0.0036698   0.0036698    -1.44656
  362.32245   0.0107449   0.0036083   0.0036083   0.0035283   0.0036083   0.0036083    -1.37853
  362.39048   0.0106686   0.0035688   0.0035688   0.0035309   0.0035688   0.0035688    -1.31050
  362.45851   0.0106723   0.0035534   0.0035534   0.0035655   0.0035534   0.0035534    -1.24247
  362.52654   0.0107523   0.0035617   0.0035617   0.0036289   0.0035617   0.0035617    -1.17444
  362.59457   0.0109109   0.0035945   0.0035945   0.0037219   0.0035945   0.0035945    -1.10641
  362.66260   0.0111526   0.0036532   0.0036532   0.0038463   0.0036532   0.0036532    -1.03838
  362.73063   0.0114830   0.0037392   0.0037392   0.0040046   0.0037392   0.0037392    -0.97035
  362.79866   0.0119092   0.0038546   0.0038546   0.0042000   0.0038546   0.0038546    -0.90232
  362.86669   0.0124398   0.0040016   0.0040016   0.0044366   0.0040016   0.0040016    -0.83429
  362.93471   0.0130857   0.0041832   0.0041832   0.0047192   0.0041832   0.0041832    -0.76627
  363.00274   0.0138601   0.0044032   0.0044032   0.0050537   0.0044032   0.0044032    -0.69824
  363.07077   0.0147793   0.0046661   0.0046661   0.0054472   0.0046661   0.0046661    -0.63021
  363.13880   0.0158633   0.0049774   0.0049774   0.0059084   0.0049774   0.0049774    -0.56218
  363.20683   0.0171360   0.0053441   0.0053441   0.0064478   0.0053441   0.0053441    -0.49415
  363.27486   0.0186268   0.0057745   0.0057745   0.0070778   0.0057745   0.0057745    -0.42612
  363.34289   0.0203707   0.0062786   0.0062786   0.0078135   0.0062786   0.0062786    -0.35809
  363.41092   0.0224101   0.0068687   0.0068687   0.0086728   0.0068687   0.0068687    -0.29006
  363.47895   0.0247961   0.0075595   0.0075595   0.0096771   0.0075595   0.0075595    -0.22203
  363.54698   0.0275898   0.0083690   0.0083690   0.0108519   0.0083690   0.0083690    -0.15400
  363.61500   0.0308652   0.0093189   0.0093189   0.0122274   0.0093189   0.0093189    -0.08598
  363.68303   0.0347112   0.0104357   0.0104357   0.0138399   0.0104357   0.0104357    -0.01795
  363.75106   0.0392358   0.0117518   0.0117518   0.0157323   0.0117518   0.0117518     0.05008
  363.81909   0.0445709   0.0133069   0.0133069   0.0179570   0.0133069   0.0133069     0.11811
  363.88712   0.0508795   0.0151506   0.0151506   0.0205783   0.0151506   0.0151506     0.18614
  363.95515   0.0583655   0.0173444   0.0173444   0.0236766   0.0173444   0.0173444     0.25417
  364.02318   0.0672866   0.0199660   0.0199660   0.0273545   0.0199660   0.0199660     0.32220
  364.09121   0.0779695   0.0231132   0.0231132   0.0317431   0.0231132   0.0231132     0.39023
  364.15924   0.0908254   0.0269084   0.0269084   0.0370086   0.0269084   0.0269084     0.45826
  364.22727   0.1063639   0.0315036   0.0315036   0.0433567   0.0315036   0.0315036     0.52629
  364.29529   0.1251957   0.0370823   0.0370823   0.0510311   0.0370823   0.0370823     0.59431
  364.36332   0.1480193   0.0438588   0.0438588   0.0603018   0.0438588   0.0438588     0.66234
  364.43135   0.1755705   0.0520678   0.0520678   0.0714350   0.0520678   0.0520678     0.73037
  364.49938   0.2085117   0.0619406   0.0619406   0.0846304   0.0619406   0.0619406     0.79840
  364.56741   0.2472278   0.0736570   0.0736570   0.0999138   0.0736570   0.0736570     0.86643
  364.63544   0.2915156   0.0872693   0.0872693   0.1169770   0.0872693   0.0872693     0.93446
  364.70347   0.3402156   0.1026087   0.1026087   0.1349982   0.1026087   0.1026087     1.00249
  364.77150   0.3909549   0.1192098   0.1192098   0.1525354   0.1192098   0.1192098     1.07052
  364.83953   0.4402839   0.1363140   0.1363140   0.1676558   0.1363140   0.1363140     1.13855
  364.90756   0.4843505   0.1529753   0.1529753   0.1783999   0.1529753   0.1529753     1.20658
  364.97558   0.5198200   0.1681846   0.1681846   0.1834508   0.1681846   0.1681846     1.27460
  365.04361   0.5443463   0.1808650   0.1808650   0.1826163   0.1808650   0.1808650     1.34263
  365.11164   0.5563285   0.1897654   0.1897654   0.1767977   0.1897654   0.1897654     1.41066
  365.17967   0.5546763   0.1935796   0.1935796   0.1675171   0.1935796   0.1935796     1.47869
  365.24770   0.5393969   0.1915196   0.1915196   0.1563576   0.1915196   0.1915196     1.54672
  365.31573   0.5124818   0.1839404   0.1839404   0.1446010   0.1839404   0.1839404     1.61475
  365.38376   0.4777716   0.1723283   0.1723283   0.1331151   0.1723283   0.1723283     1.68278
  365.45179   0.4396520   0.1586262   0.1586262   0.1223995   0.1586262   0.1586262     1.75081
  365.51982   0.4017264   0.1445194   0.1445194   0.1126875   0.1445194   0.1445194     1.81884
  365.58785   0.3662726   0.1311143   0.1311143   0.1040439   0.1311143   0.1311143     1.88687
  365.65587   0.3343825   0.1189719   0.1189719   0.0964387   0.1189719   0.1189719     1.95489
  365.72390   0.3063507   0.1082775   0.1082775   0.0897956   0.1082775   0.1082775     2.02292
  365.79193   0.2820344   0.0990067   0.0990067   0.0840210   0.0990067   0.0990067     2.09095
  365.85996   0.2610930   0.0910366   0.0910366   0.0790197   0.0910366   0.0910366     2.15898
  365.92799   0.2431275   0.0842118   0.0842118   0.0747038   0.0842118   0.0842118     2.22701
  365.99602   0.2277499   0.0783770   0.0783770   0.0709959   0.0783770   0.0783770     2.29504
  366.06405   0.2146135   0.0733916   0.0733916   0.0678303   0.0733916   0.0733916     2.36307
  366.13208   0.2034238   0.0691350   0.0691350   0.0651538   0.0691350   0.0691350     2.43110
  366.20011   0.1939381   0.0655067   0.0655067   0.0629247   0.0655067   0.0655067     2.49913
  366.26814   0.1859625   0.0624248   0.0624248   0.0611128   0.0624248   0.0624248     2.56716
  366.33616   0.1793476   0.0598242   0.0598242   0.0596993   0.0598242   0.0598242     2.63518
  366.40419   0.1739853   0.0576543   0.0576543   0.0586767   0.0576543   0.0576543     2.70321
  366.47222   0.1698063   0.0558780   0.0558780   0.0580504   0.0558780   0.0558780     2.77124
  366.54025   0.1667803   0.0544702   0.0544702   0.0578400   0.0544702   0.0544702     2.83927
  366.60828   0.1649183   0.0534179   0.0534179   0.0580825   0.0534179   0.0534179     2.90730
  366.67631   0.1642779   0.0527203   0.0527203   0.0588372   0.0527203   0.0527203     2.97533
  366.74434   0.1649740   0.0523906   0.0523906   0.0601929   0.0523906   0.0523906     3.04336
  366.81237   0.1671954   0.0524581   0.0524581   0.0622791   0.0524581   0.0524581     3.11139
  366.88040   0.1712321   0.0529740   0.0529740   0.0652841   0.0529740   0.0529740     3.17942
  366.94843   0.1775188   0.0540182   0.0540182   0.0694825   0.0540182   0.0540182     3.24745
  367.01645   0.1867037   0.0557121   0.0557121   0.0752796   0.0557121   0.0557121     3.31547
  367.08448   0.1997631   0.0582392   0.0582392   0.0832847   0.0582392   0.0582392     3.38350
  367.15251   0.2181887   0.0618785   0.0618785   0.0944316   0.0618785   0.0618785     3.45153
  367.22054   0.2442992   0.0670597   0.0670597   0.1101798   0.0670597   0.0670597     3.51956
  367.28857   0.2817467   0.0744528   0.0744528   0.1328411   0.0744528   0.0744528     3.58759
  367.35660   0.3362506   0.0850981   0.0850981   0.1660544   0.0850981   0.0850981     3.65562
  367.42463   0.4162367   0.1005255   0.1005255   0.2151858   0.1005255   0.1005255     3.72365
  367.49266   0.5313390   0.1225238   0.1225238   0.2862915   0.1225238   0.1225238     3.79168
  367.56069   0.6813766   0.1513368   0.1513368   0.3787029   0.1513368   0.1513368     3.85971
  367.62872   0.8263592   0.1807178   0.1807178   0.4649236   0.1807178   0.1807178     3.92774
  367.69674   0.8803761   0.1970036   0.1970036   0.4863689   0.1970036   0.1970036     3.99576
  367.76477   0.8186026   0.1971056   0.1971056   0.4243913   0.1971056   0.1971056     4.06379
  367.83280   0.7239650   0.1965482   0.1965482   0.3308687   0.1965482   0.1965482     4.13182
  367.90083   0.6707042   0.2104158   0.2104158   0.2498725   0.2104158   0.2104158     4.19985
  367.96886   0.6850927   0.2469398   0.2469398   0.1912130   0.2469398   0.2469398     4.26788
  368.03689   0.7701820   0.3097364   0.3097364   0.1507092   0.3097364   0.3097364     4.33591
  368.10492   0.8972979   0.3873067   0.3873067   0.1226846   0.3873067   0.3873067     4.40394
  368.17295   0.9677594   0.4324200   0.4324200   0.1029194   0.4324200   0.4324200     4.47197
  368.24098   0.8860212   0.3986852   0.3986852   0.0886507   0.3986852   0.3986852     4.54000
  368.30901   0.7100826   0.3159826   0.3159826   0.0781174   0.3159826   0.3159826     4.60803
  368.37703   0.5442098   0.2370094   0.2370094   0.0701909   0.2370094   0.2370094     4.67605
  368.44506   0.4225851   0.1792244   0.1792244   0.0641363   0.1792244   0.1792244     4.74408
  368.51309   0.3393552   0.1399453   0.1399453   0.0594647   0.1399453   0.1399453     4.81211
  368.58112   0.2825424   0.1133482   0.1133482   0.0558460   0.1133482   0.1133482     4.88014
  368.64915   0.2430454   0.0949957   0.0949957   0.0530540   0.0949957   0.0949957     4.94817
  368.71718   0.2150006   0.0820338   0.0820338   0.0509330   0.0820338   0.0820338     5.01620
  368.78521   0.1947557   0.0726896   0.0726896   0.0493765   0.0726896   0.0726896     5.08423
  368.85324   0.1800276   0.0658569   0.0658569   0.0483137   0.0658569   0.0658569     5.15226
  368.92127   0.1693715   0.0608352   0.0608352   0.0477011   0.0608352   0.0608352     5.22029
  368.98930   0.1618659   0.0571742   0.0571742   0.0475175   0.0571742   0.0571742     5.28832
  369.05732   0.1569287   0.0545834   0.0545834   0.0477619   0.0545834   0.0545834     5.35634
  369.12535   0.1542120   0.0528794   0.0528794   0.0484532   0.0528794   0.0528794     5.42437
  369.19338   0.1535377   0.0519532   0.0519532   0.0496312   0.0519532   0.0519532     5.49240
  369.26141   0.1548626   0.0517521   0.0517521   0.0513584   0.0517521   0.0517521     5.56043
  369.32944   0.1582567   0.0522679   0.0522679   0.0537210   0.0522679   0.0522679     5.62846
  369.39747   0.1638854   0.0535292   0.0535292   0.0568271   0.0535292   0.0535292     5.69649
  369.46550   0.1719907   0.0555950   0.0555950   0.0608007   0.0555950   0.0555950     5.76452
  369.53353   0.1828567   0.0585457   0.0585457   0.0657653   0.0585457   0.0585457     5.83255
  369.60156   0.1967490   0.0624679   0.0624679   0.0718132   0.0624679   0.0624679     5.90058
  369.66959   0.2138074   0.0674284   0.0674284   0.0789505   0.0674284   0.0674284     5.96861
  369.73761   0.2338881   0.0734351   0.0734351   0.0870179   0.0734351   0.0734351     6.03663
  369.80564   0.2563765   0.0803886   0.0803886   0.0955994   0.0803886   0.0803886     6.10466
  369.87367   0.2800582   0.0880440   0.0880440   0.1039701   0.0880440   0.0880440     6.17269
  369.94170   0.3031847   0.0960123   0.0960123   0.1111601   0.0960123   0.0960123     6.24072
  370.00973   0.3238105   0.1038119   0.1038119   0.1161867   0.1038119   0.1038119     6.30875
  370.07776   0.3402517   0.1109315   0.1109315   0.1183887   0.1109315   0.1109315     6.37678
  370.14579   0.3513213   0.1168268   0.1168268   0.1176678   0.1168268   0.1168268     6.44481
  370.21382   0.3562072   0.1208674   0.1208674   0.1144725   0.1208674   0.1208674     6.51284
  370.28185   0.3543539   0.1223958   0.1223958   0.1095622   0.1223958   0.1223958     6.58087
  370.34988   0.3457562   0.1210147   0.1210147   0.1037269   0.1210147   0.1210147     6.64890
  370.41790   0.3314024   0.1168982   0.1168982   0.0976059   0.1168982   0.1168982     6.71692
  370.48593   0.3132062   0.1107870   0.1107870   0.0916322   0.1107870   0.1107870     6.78495
  370.55396   0.2933547   0.1036502   0.1036502   0.0860542   0.1036502   0.1036502     6.85298
  370.62199   0.2736444   0.0963284   0.0963284   0.0809876   0.0963284   0.0963284     6.92101
  370.69002   0.2552099   0.0893729   0.0893729   0.0764640   0.0893729   0.0893729     6.98904
  370.75805   0.2385931   0.0830627   0.0830627   0.0724676   0.0830627   0.0830627     7.05707
  370.82608   0.2239378   0.0774892   0.0774892   0.0689595   0.0774892   0.0774892     7.12510
  370.89411   0.2111695   0.0726387   0.0726387   0.0658921   0.0726387   0.0726387     7.19313
  370.96214   0.2001151   0.0684488   0.0684488   0.0632174   0.0684488   0.0684488     7.26116
  371.03017   0.1905726   0.0648409   0.0648409   0.0608908   0.0648409   0.0648409     7.32919
  371.09819   0.1823457   0.0617363   0.0617363   0.0588731   0.0617363   0.0617363     7.39721
  371.16622   0.1752590   0.0590640   0.0590640   0.0571310   0.0590640   0.0590640     7.46524
  371.23425   0.1691634   0.0567630   0.0567630   0.0556374   0.0567630   0.0567630     7.53327
  371.30228   0.1639358   0.0547823   0.0547823   0.0543712   0.0547823   0.0547823     7.60130
  371.37031   0.1594777   0.0530804   0.0530804   0.0533168   0.0530804   0.0530804     7.66933
  371.43834   0.1557130   0.0516242   0.0516242   0.0524645   0.0516242   0.0516242     7.73736
  371.50637   0.1525863   0.0503880   0.0503880   0.0518102   0.0503880   0.0503880     7.80539
  371.57440   0.1500617   0.0493527   0.0493527   0.0513563   0.0493527   0.0493527     7.87342
  371.64243   0.1481229   0.0485053   0.0485053   0.0511124   0.0485053   0.0485053     7.94145
  371.71046   0.1467743   0.0478389   0.0478389   0.0510965   0.0478389   0.0478389     8.00948
  371.77848   0.1460436   0.0473527   0.0473527   0.0513382   0.0473527   0.0473527     8.07750
  371.84651   0.1459875   0.0470530   0.0470530   0.0518814   0.0470530   0.0470530     8.14553
  371.91454   0.1466992   0.0469542   0.0469542   0.0527908   0.0469542   0.0469542     8.21356
  371.98257   0.1483229   0.0470814   0.0470814   0.0541602   0.0470814   0.0470814     8.28159
  372.05060   0.1510750   0.0474742   0.0474742   0.0561265   0.0474742   0.0474742     8.34962
  372.11863   0.1552787   0.0481932   0.0481932   0.0588923   0.0481932   0.0481932     8.41765
  372.18666   0.1614212   0.0493297   0.0493297   0.0627617   0.0493297   0.0493297     8.48568
  372.25469   0.1702474   0.0510229   0.0510229   0.0682016   0.0510229   0.0510229     8.55371
  372.32272   0.1829158   0.0534873   0.0534873   0.0759411   0.0534873   0.0534873     8.62174
  372.39075   0.2012513   0.0570576   0.0570576   0.0871360   0.0570576   0.0570576     8.68977
  372.45877   0.2281126   0.0622537   0.0622537   0.1036052   0.0622537   0.0622537     8.75779
  372.52680   0.2677114   0.0698400   0.0698400   0.1280314   0.0698400   0.0698400     8.82582
  372.59483   0.3248635   0.0807107   0.0807107   0.1634422   0.0807107   0.0807107     8.89385
  372.66286   0.3994771   0.0949871   0.0949871   0.2095029   0.0949871   0.0949871     8.96188
  372.73089   0.4715553   0.1095454   0.1095454   0.2524645   0.1095454   0.1095454     9.02991
  372.79892   0.4981414   0.1175537   0.1175537   0.2630341   0.1175537   0.1175537     9.09794
  372.86695   0.4668208   0.1174668   0.1174668   0.2318871   0.1174668   0.1174668     9.16597
  372.93498   0.4190545   0.1170465   0.1170465   0.1849616   0.1170465   0.1170465     9.23400
  373.00301   0.3919605   0.1238341   0.1238341   0.1442923   0.1238341   0.1238341     9.30203
  373.07104   0.3986721   0.1419445   0.1419445   0.1147831   0.1419445   0.1419445     9.37006
  373.13906   0.4407116   0.1731848   0.1731848   0.0943421   0.1731848   0.1731848     9.43808
  373.20709   0.5037380   0.2118044   0.2118044   0.0801293   0.2118044   0.2118044     9.50611
  373.27512   0.5384061   0.2341866   0.2341866   0.0700330   0.2341866   0.2341866     9.57414
  373.34315   0.4969378   0.2171342   0.2171342   0.0626693   0.2171342   0.2171342     9.64217
  373.41118   0.4083262   0.1755856   0.1755856   0.0571550   0.1755856   0.1755856     9.71020
  373.47921   0.3246968   0.1358871   0.1358871   0.0529226   0.1358871   0.1358871     9.77823
  373.54724   0.2631315   0.1067654   0.1067654   0.0496007   0.1067654   0.1067654     9.84626
  373.61527   0.2206928   0.0868762   0.0868762   0.0469404   0.0868762   0.0868762     9.91429
  373.68330   0.1913788   0.0733039   0.0733039   0.0447711   0.0733039   0.0733039     9.98232
  373.75133   0.1706235   0.0638251   0.0638251   0.0429733   0.0638251   0.0638251    10.05035
  373.81935   0.1554762   0.0570073   0.0570073   0.0414616   0.0570073   0.0570073    10.11837
  373.88738   0.1440883   0.0519573   0.0519573   0.0401736   0.0519573   0.0519573    10.18640
  373.95541   0.1352912   0.0481141   0.0481141   0.0390631   0.0481141   0.0481141    10.25443
  374.02344   0.1283295   0.0451171   0.0451171   0.0380953   0.0451171   0.0451171    10.32246
  374.09147   0.1227015   0.0427290   0.0427290   0.0372434   0.0427290   0.0427290    10.39049
  374.15950   0.1180650   0.0407891   0.0407891   0.0364868   0.0407891   0.0407891    10.45852
  374.22753   0.1141816   0.0391861   0.0391861   0.0358094   0.0391861   0.0391861    10.52655
  374.29556   0.1108804   0.0378412   0.0378412   0.0351981   0.0378412   0.0378412    10.59458
  374.36359   0.1080372   0.0366972   0.0366972   0.0346428   0.0366972   0.0366972    10.66261
  374.43162   0.1055593   0.0357122   0.0357122   0.0341350   0.0357122   0.0357122    10.73064
  374.49964   0.1033768   0.0348544   0.0348544   0.0336679   0.0348544   0.0348544    10.79866
  374.56767   0.1014359   0.0341000   0.0341000   0.0332359   0.0341000   0.0341000    10.86669
  374.63570   0.0996949   0.0334302   0.0334302   0.0328344   0.0334302   0.0334302    10.93472
  374.70373   0.0981208   0.0328307   0.0328307   0.0324594   0.0328307   0.0328307    11.00275
  374.77176   0.0966873   0.0322898   0.0322898   0.0321077   0.0322898   0.0322898    11.07078
  374.83979   0.0953733   0.0317984   0.0317984   0.0317764   0.0317984   0.0317984    11.13881
  374.90782   0.0941614   0.0313490   0.0313490   0.0314633   0.0313490   0.0313490    11.20684
  374.97585   0.0930375   0.0309356   0.0309356   0.0311663   0.0309356   0.0309356    11.27487
  375.04388   0.0919899   0.0305532   0.0305532   0.0308836   0.0305532   0.0305532    11.34290
  375.11191   0.0910088   0.0301976   0.0301976   0.0306137   0.0301976   0.0301976    11.41093
  375.17993   0.0900860   0.0298653   0.0298653   0.0303554   0.0298653   0.0298653    11.47895
  375.24796   0.0892145   0.0295535   0.0295535   0.0301075   0.0295535   0.0295535    11.54698
  375.31599   0.0883884   0.0292597   0.0292597   0.0298689   0.0292597   0.0292597    11.61501
  375.38402   0.0876026   0.0289819   0.0289819   0.0296389   0.0289819   0.0289819    11.68304
  375.45205   0.0868529   0.0287181   0.0287181   0.0294166   0.0287181   0.0287181    11.75107
  375.52008   0.0861353   0.0284669   0.0284669   0.0292014   0.0284669   0.0284669    11.81910
  375.58811   0.0854466   0.0282270   0.0282270   0.0289926   0.0282270   0.0282270    11.88713
  375.65614   0.0847841   0.0279972   0.0279972   0.0287896   0.0279972   0.0279972    11.95516
  375.72417   0.0841451   0.0277765   0.0277765   0.0285921   0.0277765   0.0277765    12.02319
  375.79220   0.0835275   0.0275639   0.0275639   0.0283996   0.0275639   0.0275639    12.09122
  375.86022   0.0829293   0.0273588   0.0273588   0.0282116   0.0273588   0.0273588    12.15924
  375.92825   0.0823488   0.0271605   0.0271605   0.0280279   0.0271605   0.0271605    12.22727
  375.99628   0.0817845   0.0269682   0.0269682   0.0278480   0.0269682   0.0269682    12.29530
  376.06431   0.0812350   0.0267816   0.0267816   0.0276718   0.0267816   0.0267816    12.36333
  376.13234   0.0806992   0.0266001   0.0266001   0.0274990   0.0266001   0.0266001    12.43136
  376.20037   0.0801758   0.0264233   0.0264233   0.0273293   0.0264233   0.0264233    12.49939
  376.26840   0.0796640   0.0262508   0.0262508   0.0271625   0.0262508   0.0262508    12.56742
  376.33643   0.0791629   0.0260822   0.0260822   0.0269984   0.0260822   0.0260822    12.63545
  376.40446   0.0786716   0.0259173   0.0259173   0.0268369   0.0259173   0.0259173    12.70348
  376.47249   0.0781895   0.0257559   0.0257559   0.0266778   0.0257559   0.0257559    12.77151
  376.54051   0.0777159   0.0255975   0.0255975   0.0265209   0.0255975   0.0255975    12.83953
  376.60854   0.0772502   0.0254420   0.0254420   0.0263661   0.0254420   0.0254420    12.90756
  376.67657   0.0767918   0.0252893   0.0252893   0.0262133   0.0252893   0.0252893    12.97559
  376.74460   0.0763404   0.0251390   0.0251390   0.0260623   0.0251390   0.0251390    13.04362
  376.81263   0.0758954   0.0249911   0.0249911   0.0259131   0.0249911   0.0249911    13.11165
  376.88066   0.0754565   0.0248454   0.0248454   0.0257656   0.0248454   0.0248454    13.17968
