   0.00000000   0.00000000  -0.00000000   0.00000000  -0.00000000   0.00000000  -0.00000000   0.00000000  -0.00000000   0.00000000  -0.00000000   0.00000000  -0.00000000
   0.00694350   0.00664437  -0.01638339   0.01164337  -0.02190461   0.00004873  -0.00019542   0.00011222  -0.00030547   0.00000035  -0.00000201   0.00000099  -0.00000356
   0.01391110   0.01331181  -0.03282365   0.02332717  -0.04388526   0.00016745  -0.00067153   0.00038563  -0.00104971   0.00000205  -0.00001179   0.00000582  -0.00002086
   0.02090289   0.02000240  -0.04932099   0.03505153  -0.06594223   0.00036510  -0.00146423   0.00084085  -0.00228886   0.00000637  -0.00003661   0.00001805  -0.00006476
   0.02791896   0.02671598  -0.06587288   0.04681568  -0.08806940   0.00064305  -0.00257881   0.00148094  -0.00403102   0.00001465  -0.00008422   0.00004153  -0.00014896
   0.03495938   0.03345156  -0.08246728   0.05861574  -0.11023861   0.00100214  -0.00401813   0.00230776  -0.00627992   0.00002828  -0.00016249   0.00008014  -0.00028736
   0.04202425   0.04020813  -0.09909165   0.07044762  -0.13242040   0.00144316  -0.00578435   0.00332287  -0.00903780   0.00004865  -0.00027943   0.00013783  -0.00049402
   0.04911365   0.04698571  -0.11574577   0.08231131  -0.15461410   0.00196689  -0.00788016   0.00452798  -0.01230816   0.00007719  -0.00044316   0.00021865  -0.00078327
   0.05622765   0.05378379  -0.13242278   0.09420463  -0.17680358   0.00257411  -0.01030762   0.00592465  -0.01609301   0.00011536  -0.00066194   0.00032669  -0.00116952
   0.06336636   0.06060199  -0.14911781   0.10612603  -0.19897737   0.00326559  -0.01306875   0.00751436  -0.02039417   0.00016463  -0.00094413   0.00046611  -0.00166739
   0.07052985   0.06743991  -0.16582555   0.11807382  -0.22112295   0.00404206  -0.01616531   0.00929857  -0.02521288   0.00022651  -0.00129817   0.00064113  -0.00229157
   0.07771821   0.07429716  -0.18254062   0.13004630  -0.24322771   0.00490427  -0.01959887   0.01127866  -0.03054985   0.00030254  -0.00173261   0.00085604  -0.00305688
   0.08493152   0.08117330  -0.19925755   0.14204171  -0.26527885   0.00585295  -0.02337080   0.01345595  -0.03640526   0.00039427  -0.00225610   0.00111519  -0.00397820
   0.09216988   0.08806792  -0.21597079   0.15405827  -0.28726338   0.00688882  -0.02748224   0.01583169  -0.04277874   0.00050328  -0.00287734   0.00142297  -0.00507045
   0.09943337   0.09498059  -0.23267466   0.16609418  -0.30916811   0.00801260  -0.03193411   0.01840707  -0.04966936   0.00063118  -0.00360511   0.00178384  -0.00634859
   0.10672207   0.10191085  -0.24936343   0.17814757  -0.33097971   0.00922498  -0.03672710   0.02118321  -0.05707560   0.00077960  -0.00444825   0.00220230  -0.00782758
   0.11403608   0.10885825  -0.26603125   0.19021657  -0.35268465   0.01052665  -0.04186167   0.02416117  -0.06499537   0.00095020  -0.00541562   0.00268290  -0.00952231
   0.12137548   0.11582233  -0.28267219   0.20229927  -0.37426925   0.01191828  -0.04733805   0.02734191  -0.07342597   0.00114467  -0.00651616   0.00323026  -0.01144767
   0.12874036   0.12280263  -0.29928024   0.21439370  -0.39571968   0.01340055  -0.05315619   0.03072634  -0.08236408   0.00136469  -0.00775880   0.00384900  -0.01361840
   0.13613082   0.12979864  -0.31584928   0.22649787  -0.41702195   0.01497409  -0.05931583   0.03431529  -0.09180578   0.00161201  -0.00915251   0.00454382  -0.01604917
   0.14354693   0.13680989  -0.33237312   0.23860978  -0.43816192   0.01663955  -0.06581643   0.03810949  -0.10174649   0.00188838  -0.01070623   0.00531943  -0.01875446
   0.15098878   0.14383586  -0.34884548   0.25072735  -0.45912534   0.01839756  -0.07265718   0.04210961  -0.11218100   0.00219556  -0.01242892   0.00618058  -0.02174860
   0.15845647   0.15087605  -0.36525999   0.26284849  -0.47989781   0.02024871  -0.07983701   0.04631624  -0.12310345   0.00253536  -0.01432950   0.00713206  -0.02504567
   0.16595009   0.15792993  -0.38161019   0.27497108  -0.50046481   0.02219361  -0.08735458   0.05072985  -0.13450731   0.00290959  -0.01641687   0.00817867  -0.02865953
   0.17346973   0.16499698  -0.39788956   0.28709295  -0.52081174   0.02423282  -0.09520827   0.05535086  -0.14638536   0.00332009  -0.01869986   0.00932523  -0.03260375
   0.18101547   0.17207663  -0.41409147   0.29921190  -0.54092385   0.02636693  -0.10339614   0.06017957  -0.15872971   0.00376872  -0.02118727   0.01057661  -0.03689157
   0.18858740   0.17916835  -0.43020924   0.31132569  -0.56078634   0.02859646  -0.11191601   0.06521621  -0.17153180   0.00425737  -0.02388779   0.01193765  -0.04153589
   0.19618563   0.18627157  -0.44623610   0.32343205  -0.58038431   0.03092194  -0.12076536   0.07046090  -0.18478234   0.00478792  -0.02681005   0.01341323  -0.04654922
   0.20381023   0.19338571  -0.46216519   0.33552867  -0.59970279   0.03334390  -0.12994139   0.07591366  -0.19847134   0.00536230  -0.02996254   0.01500822  -0.05194364
   0.21146131   0.20051019  -0.47798960   0.34761322  -0.61872673   0.03586282  -0.13944099   0.08157442  -0.21258813   0.00598245  -0.03335366   0.01672751  -0.05773076
   0.21913894   0.20764440  -0.49370234   0.35968331  -0.63744105   0.03847917  -0.14926072   0.08744300  -0.22712130   0.00665031  -0.03699167   0.01857595  -0.06392170
   0.22684324   0.21478775  -0.50929634   0.37173652  -0.65583063   0.04119341  -0.15939685   0.09351912  -0.24205872   0.00736787  -0.04088466   0.02055842  -0.07052704
   0.23457428   0.22193961  -0.52476448   0.38377041  -0.67388030   0.04400598  -0.16984530   0.09980238  -0.25738755   0.00813710  -0.04504057   0.02267976  -0.07755680
   0.24233216   0.22909935  -0.54009956   0.39578248  -0.69157489   0.04691728  -0.18060169   0.10629230  -0.27309421   0.00896001  -0.04946715   0.02494480  -0.08502035
   0.25011697   0.23626634  -0.55529433   0.40777023  -0.70889922   0.04992770  -0.19166127   0.11298824  -0.28916440   0.00983861  -0.05417195   0.02735835  -0.09292645
   0.25792881   0.24343991  -0.57034146   0.41973108  -0.72583810   0.05303762  -0.20301900   0.11988949  -0.30558311   0.01077494  -0.05916230   0.02992518  -0.10128313
   0.26576777   0.25061941  -0.58523359   0.43166245  -0.74237638   0.05624739  -0.21466948   0.12699520  -0.32233457   0.01177104  -0.06444531   0.03265003  -0.11009773
   0.27363395   0.25780416  -0.59996329   0.44356170  -0.75849894   0.05955733  -0.22660695   0.13430442  -0.33940231   0.01282897  -0.07002781   0.03553760  -0.11937679
   0.28152743   0.26499348  -0.61452308   0.45542618  -0.77419069   0.06296773  -0.23882534   0.14181604  -0.35676913   0.01395078  -0.07591638   0.03859254  -0.12912606
   0.28944832   0.27218666  -0.62890543   0.46725318  -0.78943661   0.06647888  -0.25131819   0.14952888  -0.37441708   0.01513856  -0.08211731   0.04181944  -0.13935045
   0.29739671   0.27938300  -0.64310276   0.47903997  -0.80422176   0.07009103  -0.26407871   0.15744158  -0.39232755   0.01639439  -0.08863659   0.04522285  -0.15005397
   0.30537269   0.28658178  -0.65710746   0.49078378  -0.81853127   0.07380439  -0.27709976   0.16555270  -0.41048116   0.01772036  -0.09547986   0.04880724  -0.16123975
   0.31337637   0.29378226  -0.67091187   0.50248181  -0.83235039   0.07761918  -0.29037383   0.17386063  -0.42885787   0.01911857  -0.10265244   0.05257700  -0.17290991
   0.32140783   0.30098369  -0.68450830   0.51413121  -0.84566448   0.08153555  -0.30389305   0.18236365  -0.44743693   0.02059112  -0.11015929   0.05653645  -0.18506564
   0.32946717   0.30818532  -0.69788902   0.52572912  -0.85845903   0.08555366  -0.31764919   0.19105991  -0.46619688   0.02214013  -0.11800498   0.06068984  -0.19770705
   0.33755450   0.31538639  -0.71104629   0.53727263  -0.87071968   0.08967362  -0.33163365   0.19994739  -0.48511561   0.02376770  -0.12619367   0.06504129  -0.21083322
   0.34566990   0.32258610  -0.72397233   0.54875879  -0.88243224   0.09389551  -0.34583747   0.20902397  -0.50417035   0.02547594  -0.13472914   0.06959486  -0.22444214
   0.35381347   0.32978366  -0.73665933   0.56018464  -0.89358271   0.09821940  -0.36025133   0.21828737  -0.52333764   0.02726697  -0.14361470   0.07435448  -0.23853064
   0.36198532   0.33697828  -0.74909949   0.57154717  -0.90415726   0.10264530  -0.37486552   0.22773517  -0.54259343   0.02914291  -0.15285320   0.07932397  -0.25309442
   0.37018554   0.34416912  -0.76128498   0.58284334  -0.91414230   0.10717321  -0.38967000   0.23736479  -0.56191300   0.03110586  -0.16244706   0.08450702  -0.26812798
   0.37841423   0.35135536  -0.77320795   0.59407007  -0.92352447   0.11180309  -0.40465432   0.24717354  -0.58127107   0.03315792  -0.17239815   0.08990722  -0.28362462
   0.38667149   0.35853616  -0.78486059   0.60522427  -0.93229065   0.11653487  -0.41980770   0.25715853  -0.60064173   0.03530120  -0.18270788   0.09552800  -0.29957636
   0.39495741   0.36571066  -0.79623504   0.61630279  -0.94042799   0.12136845  -0.43511896   0.26731677  -0.61999853   0.03753780  -0.19337709   0.10137264  -0.31597399
   0.40327210   0.37287800  -0.80732348   0.62730247  -0.94792392   0.12630369  -0.45057659   0.27764508  -0.63931448   0.03986979  -0.20440611   0.10744428  -0.33280697
   0.41161566   0.38003728  -0.81811808   0.63822011  -0.95476620   0.13134042  -0.46616869   0.28814014  -0.65856203   0.04229925  -0.21579466   0.11374590  -0.35006347
   0.41998818   0.38718762  -0.82861105   0.64905248  -0.96094289   0.13647842  -0.48188301   0.29879847  -0.67771318   0.04482826  -0.22754191   0.12028031  -0.36773030
   0.42838977   0.39432811  -0.83879458   0.65979633  -0.96644238   0.14171746  -0.49770695   0.30961644  -0.69673942   0.04745885  -0.23964643   0.12705015  -0.38579295
   0.43682053   0.40145784  -0.84866093   0.67044837  -0.97125345   0.14705724  -0.51362753   0.32059026  -0.71561181   0.05019306  -0.25210614   0.13405786  -0.40423549
   0.44528056   0.40857586  -0.85820237   0.68100528  -0.97536523   0.15249745  -0.52963144   0.33171596  -0.73430100   0.05303291  -0.26491836   0.14130570  -0.42304066
   0.45376995   0.41568124  -0.86741120   0.69146373  -0.97876727   0.15803774  -0.54570501   0.34298944  -0.75277723   0.05598040  -0.27807974   0.14879573  -0.44218976
   0.46228883   0.42277302  -0.87627977   0.70182033  -0.98144953   0.16367769  -0.56183425   0.35440640  -0.77101042   0.05903751  -0.29158626   0.15652980  -0.46166272
   0.47083727   0.42985022  -0.88480049   0.71207169  -0.98340240   0.16941688  -0.57800479   0.36596240  -0.78897014   0.06220620  -0.30543323   0.16450953  -0.48143805
   0.47941540   0.43691186  -0.89296579   0.72221438  -0.98461673   0.17525482  -0.59420196   0.37765283  -0.80662570   0.06548839  -0.31961525   0.17273633  -0.50149284
   0.48802331   0.44395695  -0.90076820   0.73224496  -0.98508384   0.18119100  -0.61041076   0.38947291  -0.82394614   0.06888600  -0.33412622   0.18121137  -0.52180279
   0.49666110   0.45098447  -0.90820029   0.74215996  -0.98479557   0.18722485  -0.62661586   0.40141769  -0.84090030   0.07240090  -0.34895930   0.18993558  -0.54234217
   0.50532888   0.45799341  -0.91525471   0.75195587  -0.98374424   0.19335577  -0.64280161   0.41348204  -0.85745685   0.07603493  -0.36410693   0.19890963  -0.56308387
   0.51402675   0.46498272  -0.92192419   0.76162917  -0.98192272   0.19958309  -0.65895209   0.42566070  -0.87358433   0.07978990  -0.37956078   0.20813394  -0.58399938
   0.52275482   0.47195136  -0.92820153   0.77117632  -0.97932444   0.20590614  -0.67505104   0.43794818  -0.88925121   0.08366760  -0.39531177   0.21760866  -0.60505883
   0.53151319   0.47889826  -0.93407965   0.78059375  -0.97594341   0.21232417  -0.69108193   0.45033887  -0.90442588   0.08766977  -0.41135005   0.22733367  -0.62623096
   0.54030197   0.48582235  -0.93955153   0.78987789  -0.97177420   0.21883639  -0.70702796   0.46282697  -0.91907678   0.09179811  -0.42766498   0.23730854  -0.64748321
   0.54912125   0.49272254  -0.94461030   0.79902511  -0.96681202   0.22544197  -0.72287206   0.47540650  -0.93317237   0.09605427  -0.44424513   0.24753258  -0.66878168
   0.55797116   0.49959773  -0.94924916   0.80803181  -0.96105272   0.23214004  -0.73859688   0.48807131  -0.94668122   0.10043987  -0.46107827   0.25800478  -0.69009119
   0.56685180   0.50644680  -0.95346145   0.81689433  -0.95449277   0.23892965  -0.75418485   0.50081509  -0.95957205   0.10495648  -0.47815139   0.26872382  -0.71137533
   0.57576326   0.51326863  -0.95724064   0.82560902  -0.94712934   0.24580984  -0.76961816   0.51363135  -0.97181380   0.10960562  -0.49545063   0.27968807  -0.73259645
   0.58470566   0.52006206  -0.96058031   0.83417220  -0.93896027   0.25277957  -0.78487877   0.52651342  -0.98337563   0.11438875  -0.51296135   0.29089557  -0.75371574
   0.59367911   0.52682596  -0.96347422   0.84258019  -0.92998411   0.25983776  -0.79994844   0.53945447  -0.99422704   0.11930730  -0.53066808   0.30234403  -0.77469325
   0.60268371   0.53355914  -0.96591623   0.85082928  -0.92020015   0.26698330  -0.81480872   0.55244750  -1.00433787   0.12436260  -0.54855453   0.31403082  -0.79548797
   0.61171957   0.54026043  -0.96790039   0.85891577  -0.90960840   0.27421499  -0.82944101   0.56548532  -1.01367841   0.12955598  -0.56660358   0.32595295  -0.81605786
   0.62078681   0.54692864  -0.96942091   0.86683592  -0.89820965   0.28153160  -0.84382652   0.57856060  -1.02221940   0.13488865  -0.58479732   0.33810709  -0.83635989
   0.62988552   0.55356255  -0.97047215   0.87458600  -0.88600546   0.28893184  -0.85794631   0.59166581  -1.02993214   0.14036179  -0.60311701   0.35048953  -0.85635016
   0.63901582   0.56016096  -0.97104866   0.88216227  -0.87299818   0.29641437  -0.87178134   0.60479327  -1.03678850   0.14597651  -0.62154309   0.36309621  -0.87598392
   0.64817782   0.56672261  -0.97114520   0.88956097  -0.85919099   0.30397780  -0.88531241   0.61793512  -1.04276103   0.15173384  -0.64005520   0.37592268  -0.89521564
   0.65737163   0.57324628  -0.97075669   0.89677836  -0.84458788   0.31162067  -0.89852026   0.63108336  -1.04782299   0.15763473  -0.65863220   0.38896410  -0.91399912
   0.66659735   0.57973069  -0.96987826   0.90381066  -0.82919369   0.31934147  -0.91138554   0.64422980  -1.05194842   0.16368008  -0.67725213   0.40221526  -0.93228755
   0.67585511   0.58617458  -0.96850526   0.91065413  -0.81301410   0.32713863  -0.92388883   0.65736610  -1.05511220   0.16987069  -0.69589228   0.41567054  -0.95003360
   0.68514501   0.59257667  -0.96663327   0.91730498  -0.79605569   0.33501055  -0.93601069   0.67048375  -1.05729013   0.17620730  -0.71452915   0.42932391  -0.96718949
   0.69446715   0.59893564  -0.96425806   0.92375947  -0.77832591   0.34295553  -0.94773165   0.68357410  -1.05845896   0.18269053  -0.73313850   0.44316896  -0.98370711
   0.70382167   0.60525021  -0.96137567   0.93001381  -0.75983310   0.35097183  -0.95903225   0.69662832  -1.05859648   0.18932095  -0.75169535   0.45719884  -0.99953813
   0.71320865   0.61151903  -0.95798237   0.93606427  -0.74058651   0.35905765  -0.96989305   0.70963745  -1.05768158   0.19609901  -0.77017401   0.47140629  -1.01463405
   0.72262823   0.61774079  -0.95407468   0.94190707  -0.72059633   0.36721115  -0.98029466   0.72259236  -1.05569432   0.20302510  -0.78854808   0.48578365  -1.02894635
   0.73208051   0.62391412  -0.94964939   0.94753847  -0.69987366   0.37543039  -0.99021776   0.73548378  -1.05261598   0.21009949  -0.80679049   0.50032281  -1.04242661
   0.74156561   0.63003768  -0.94470354   0.95295474  -0.67843055   0.38371340  -0.99964312   0.74830231  -1.04842911   0.21732235  -0.82487351   0.51501523  -1.05502657
   0.75108364   0.63611008  -0.93923447   0.95815213  -0.65628000   0.39205813  -1.00855166   0.76103838  -1.04311765   0.22469377  -0.84276880   0.52985195  -1.06669831
   0.76063471   0.64212995  -0.93323979   0.96312694  -0.63343596   0.40046248  -1.01692439   0.77368231  -1.03666694   0.23221370  -0.86044740   0.54482358  -1.07739434
   0.77021894   0.64809589  -0.92671740   0.96787546  -0.60991335   0.40892429  -1.02474254   0.78622426  -1.02906380   0.23988202  -0.87787980   0.55992027  -1.08706773
   0.77983644   0.65400649  -0.91966553   0.97239399  -0.58572805   0.41744132  -1.03198752   0.79865429  -1.02029659   0.24769847  -0.89503594   0.57513175  -1.09567225
   0.78948733   0.65986032  -0.91208268   0.97667888  -0.56089693   0.42601127  -1.03864096   0.81096231  -1.01035528   0.25566270  -0.91188527   0.59044730  -1.10316247
   0.79917173   0.66565597  -0.90396770   0.98072646  -0.53543782   0.43463180  -1.04468474   0.82313812  -0.99923151   0.26377421  -0.92839676   0.60585577  -1.10949395
   0.80888975   0.67139199  -0.89531975   0.98453311  -0.50936954   0.44330048  -1.05010102   0.83517141  -0.98691864   0.27203242  -0.94453898   0.62134555  -1.11462334
   0.81864151   0.67706692  -0.88613834   0.98809522  -0.48271188   0.45201482  -1.05487228   0.84705173  -0.97341181   0.28043660  -0.96028008   0.63690461  -1.11850851
   0.82842712   0.68267930  -0.87642331   0.99140921  -0.45548562   0.46077227  -1.05898133   0.85876856  -0.95870800   0.28898590  -0.97558790   0.65252047  -1.12110873
   0.83824671   0.68822766  -0.86617486   0.99447152  -0.42771252   0.46957020  -1.06241134   0.87031125  -0.94280608   0.29767934  -0.99042997   0.66818020  -1.12238479
   0.84810039   0.69371050  -0.85539355   0.99727864  -0.39941530   0.47840595  -1.06514588   0.88166909  -0.92570689   0.30651581  -1.00477356   0.68387045  -1.12229916
   0.85798828   0.69912633  -0.84408029   0.99982707  -0.37061767   0.48727674  -1.06716895   0.89283124  -0.90741323   0.31549406  -1.01858576   0.69957743  -1.12081609
   0.86791050   0.70447364  -0.83223640   1.00211336  -0.34134430   0.49617978  -1.06846500   0.90378681  -0.88792998   0.32461272  -1.03183351   0.71528693  -1.11790185
   0.87786716   0.70975092  -0.81986354   1.00413408  -0.31162080   0.50511217  -1.06901898   0.91452482  -0.86726410   0.33387025  -1.04448365   0.73098431  -1.11352479
   0.88785839   0.71495664  -0.80696381   1.00588587  -0.28147375   0.51407095  -1.06881636   0.92503421  -0.84542468   0.34326498  -1.05650300   0.74665449  -1.10765553
   0.89788431   0.72008925  -0.79353967   1.00736538  -0.25093067   0.52305313  -1.06784313   0.93530388  -0.82242301   0.35279511  -1.06785837   0.76228200  -1.10026710
   0.90794503   0.72514722  -0.77959399   1.00856931  -0.22001999   0.53205559  -1.06608592   0.94532267  -0.79827259   0.36245865  -1.07851670   0.77785095  -1.09133509
   0.91804069   0.73012898  -0.76513007   1.00949443  -0.18877108   0.54107521  -1.06353192   0.95507936  -0.77298915   0.37225349  -1.08844504   0.79334506  -1.08083779
   0.92817139   0.73503297  -0.75015163   1.01013753  -0.15721417   0.55010874  -1.06016900   0.96456269  -0.74659074   0.38217737  -1.09761067   0.80874765  -1.06875633
   0.93833727   0.73985762  -0.73466279   1.01049547  -0.12538041   0.55915291  -1.05598570   0.97376138  -0.71909770   0.39222783  -1.10598113   0.82404166  -1.05507485
   0.94853843   0.74460134  -0.71866813   1.01056515  -0.09330178   0.56820436  -1.05097128   0.98266414  -0.69053272   0.40240229  -1.11352433   0.83920964  -1.03978059
   0.95877502   0.74926255  -0.70217266   1.01034354  -0.06101113   0.57725966  -1.04511573   0.99125963  -0.66092083   0.41269799  -1.12020858   0.85423381  -1.02286407
   0.96904714   0.75383964  -0.68518183   1.00982770  -0.02854211   0.58631532  -1.03840982   0.99953653  -0.63028945   0.42311201  -1.12600269   0.86909600  -1.00431921
   0.97935493   0.75833100  -0.66770156   1.00901469   0.00407083   0.59536778  -1.03084516   1.00748352  -0.59866839   0.43364125  -1.13087602   0.88377774  -0.98414343
   0.98969850   0.76273510  -0.64973827   1.00790169   0.03679246   0.60441347  -1.02241424   1.01508936  -0.56608990   0.44428249  -1.13479866   0.89826028  -0.96233791
   1.00007798   0.76705077  -0.63129917   1.00648652   0.06958687   0.61344907  -1.01311101   1.02234342  -0.53258892   0.45503256  -1.13774205   0.91252505  -0.93890807
   1.01049349   0.77127779  -0.61239272   1.00476848   0.10241751   0.62247196  -1.00293151   1.02923630  -0.49820339   0.46588869  -1.13967978   0.92655432  -0.91386433
   1.02094517   0.77541690  -0.59302849   1.00274796   0.13524744   0.63148020  -0.99187392   1.03575994  -0.46297414   0.47684853  -1.14058770   0.94033124  -0.88722211
   1.03143313   0.77946914  -0.57321666   1.00042574   0.16803930   0.64047215  -0.97993770   1.04190679  -0.42694432   0.48790981  -1.14044308   0.95383915  -0.85900108
   1.04195751   0.78343548  -0.55296768   0.99780265   0.20075532   0.64944603  -0.96712308   1.04766926  -0.39015913   0.49907010  -1.13922403   0.96706112  -0.82922472
   1.05251842   0.78731693  -0.53229234   0.99487960   0.23335741   0.65840012  -0.95343125   1.05303989  -0.35266587   0.51032686  -1.13690981   0.97998011  -0.79792060
   1.06311599   0.79111458  -0.51120182   0.99165766   0.26580713   0.66733269  -0.93886442   1.05801140  -0.31451391   0.52167748  -1.13348089   0.99257900  -0.76512037
   1.07375036   0.79482952  -0.48970763   0.98813781   0.29806579   0.67624203  -0.92342573   1.06257664  -0.27575462   0.53311925  -1.12891896   1.00484058  -0.73085982
   1.08442165   0.79846283  -0.46782160   0.98432126   0.33009443   0.68512639  -0.90711929   1.06672852  -0.23644128   0.54464931  -1.12320692   1.01674746  -0.69517882
   1.09512999   0.80201564  -0.44555591   0.98020909   0.36185391   0.69398404  -0.88995021   1.07046013  -0.19662912   0.55626472  -1.11632913   1.02828225  -0.65812147
   1.10587550   0.80548908  -0.42292304   0.97580257   0.39330491   0.70281323  -0.87192459   1.07376468  -0.15637519   0.56796241  -1.10827128   1.03942745  -0.61973601
   1.11665832   0.80888427  -0.39993582   0.97110293   0.42440801   0.71161217  -0.85304955   1.07663545  -0.11573833   0.57973917  -1.09902054   1.05016551  -0.58007485
   1.12747857   0.81220245  -0.37660744   0.96611161   0.45512374   0.72037920  -0.83333337   1.07906611  -0.07477913   0.59159181  -1.08856583   1.06047900  -0.53919471
   1.13833639   0.81544481  -0.35295138   0.96083003   0.48541258   0.72911253  -0.81278525   1.08105026  -0.03355978   0.60351689  -1.07689748   1.07035035  -0.49715635
   1.14923191   0.81861261  -0.32898148   0.95525962   0.51523508   0.73781049  -0.79141558   1.08258186   0.00785592   0.61551097  -1.06400770   1.07976215  -0.45402473
   1.16016525   0.82170701  -0.30471181   0.94940198   0.54455175   0.74647125  -0.76923567   1.08365482   0.04940271   0.62757037  -1.04989021   1.08869683  -0.40986881
   1.17113655   0.82472933  -0.28015684   0.94325860   0.57332335   0.75509311  -0.74625805   1.08426338   0.09101393   0.63969143  -1.03454075   1.09713707  -0.36476167
   1.18214594   0.82768076  -0.25533128   0.93683114   0.60151068   0.76367427  -0.72249622   1.08440191   0.13262161   0.65187026  -1.01795676   1.10506547  -0.31878027
   1.19319355   0.83056260  -0.23025019   0.93012127   0.62907483   0.77221298  -0.69796488   1.08406497   0.17415656   0.66410290  -1.00013770   1.11246484  -0.27200547
   1.20427951   0.83337618  -0.20492893   0.92313080   0.65597720   0.78070752  -0.67267982   1.08324742   0.21554851   0.67638534  -0.98108505   1.11931815  -0.22452195
   1.21540396   0.83612279  -0.17938312   0.91586148   0.68217943   0.78915611  -0.64665793   1.08194418   0.25672618   0.68871337  -0.96080225   1.12560844  -0.17641800
   1.22656704   0.83880378  -0.15362870   0.90831514   0.70764358   0.79755702  -0.61991721   1.08015043   0.29761741   0.70108272  -0.93929488   1.13131899  -0.12778548
   1.23776887   0.84142049  -0.12768186   0.90049379   0.73233215   0.80590849  -0.59247680   1.07786171   0.33814930   0.71348898  -0.91657064   1.13643324  -0.07871965
   1.24900959   0.84397438  -0.10155913   0.89239945   0.75620820   0.81420886  -0.56435703   1.07507373   0.37824834   0.72592773  -0.89263953   1.14093504  -0.02931903
   1.26028933   0.84646674  -0.07527724   0.88403396   0.77923516   0.82245630  -0.53557920   1.07178217   0.41784042   0.73839427  -0.86751359   1.14480819   0.02031482
   1.27160823   0.84889892  -0.04885321   0.87539949   0.80137712   0.83064901  -0.50616577   1.06798328   0.45685111   0.75088382  -0.84120715   1.14803685   0.07007741
   1.28296644   0.85127244  -0.02230432   0.86649822   0.82259894   0.83878536  -0.47614042   1.06367350   0.49520579   0.76339162  -0.81373704   1.15060570   0.11986157
   1.29436407   0.85358873   0.00435189   0.85733228   0.84286615   0.84686361  -0.44552788   1.05884942   0.53282972   0.77591273  -0.78512233   1.15249962   0.16955764
   1.30580127   0.85584907   0.03109765   0.84790378   0.86214484   0.85488186  -0.41435386   1.05350777   0.56964811   0.78844194  -0.75538428   1.15370360   0.21905366
   1.31727818   0.85805499   0.05791498   0.83821506   0.88040219   0.86283845  -0.38264535   1.04764581   0.60558653   0.80097412  -0.72454679   1.15420335   0.26823570
   1.32879494   0.86020809   0.08478563   0.82826871   0.89760633   0.87073177  -0.35043039   1.04126129   0.64057094   0.81350411  -0.69263624   1.15398516   0.31698809
   1.34035168   0.86230989   0.11169116   0.81806692   0.91372625   0.87856015  -0.31773809   1.03435171   0.67452779   0.82602655  -0.65968137   1.15303531   0.36519365
   1.35194854   0.86436168   0.13861291   0.80761203   0.92873167   0.88632161  -0.28459849   1.02691495   0.70738400   0.83853573  -0.62571316   1.15134057   0.41273387
   1.36358566   0.86636499   0.16553201   0.79690661   0.94259364   0.89401447  -0.25104279   1.01894944   0.73906754   0.85102604  -0.59076524   1.14888852   0.45948942
   1.37526318   0.86832162   0.19242946   0.78595337   0.95528463   0.90163730  -0.21710329   1.01045404   0.76950762   0.86349205  -0.55487392   1.14566740   0.50534050
   1.38698125   0.87023307   0.21928605   0.77475488   0.96677792   0.90918833  -0.18281319   1.00142763   0.79863438   0.87592787  -0.51807774   1.14166568   0.55016687
   1.39874000   0.87210073   0.24608234   0.76331354   0.97704793   0.91666569  -0.14820666   0.99186917   0.82637919   0.88832741  -0.48041762   1.13687213   0.59384822
   1.41053957   0.87392588   0.27279870   0.75163192   0.98607024   0.92406737  -0.11331883   0.98177808   0.85267488   0.90068436  -0.44193690   1.13127634   0.63626458
   1.42238010   0.87570998   0.29941537   0.73971254   0.99382197   0.93139154  -0.07818581   0.97115398   0.87745612   0.91299241  -0.40268147   1.12486834   0.67729676
   1.43426175   0.87745425   0.32591239   0.72755792   1.00028139   0.93863611  -0.04284462   0.95999675   0.90065923   0.92524496  -0.36269951   1.11763878   0.71682649
   1.44618464   0.87915967   0.35226953   0.71517034   1.00542795   0.94579870  -0.00733317   0.94830624   0.92222234   0.93743497  -0.32204155   1.10957857   0.75473675
   1.45814893   0.88082705   0.37846635   0.70255200   1.00924241   0.95287675   0.02830972   0.93608251   0.94208562   0.94955512  -0.28076044   1.10067914   0.79091214
   1.47015475   0.88245697   0.40448218   0.68970510   1.01170690   0.95986746   0.06404433   0.92332581   0.96019142   0.96159773  -0.23891135   1.09093257   0.82523928
   1.48220225   0.88405011   0.43029619   0.67663179   1.01280523   0.96676804   0.09983009   0.91003671   0.97648475   0.97355506  -0.19655187   1.08033158   0.85760737
   1.49429158   0.88560690   0.45588736   0.66333431   1.01252271   0.97357550   0.13562556   0.89621613   0.99091313   0.98541898  -0.15374180   1.06886975   0.88790839
   1.50642289   0.88712779   0.48123450   0.64981477   1.01084629   0.98028679   0.17138850   0.88186517   1.00342706   0.99718124  -0.11054324   1.05654123   0.91603768
   1.51859630   0.88861301   0.50631620   0.63607536   1.00776464   0.98689862   0.20707587   0.86698530   1.01397995   1.00883323  -0.06702046   1.04334105   0.94189415
   1.53081199   0.89006286   0.53111098   0.62211842   1.00326842   0.99340775   0.24264389   0.85157852   1.02252856   1.02036629  -0.02323990   1.02926529   0.96538097
   1.54307008   0.89147760   0.55559723   0.60794615   0.99734991   0.99981088   0.27804810   0.83564698   1.02903317   1.03177154   0.02072992   1.01431071   0.98640587
   1.55537072   0.89285723   0.57975311   0.59356084   0.99000334   1.00610439   0.31324332   0.81919325   1.03345740   1.04303973   0.06481852   0.99847501   1.00488134
   1.56771408   0.89420183   0.60355676   0.57896494   0.98122511   1.01228473   0.34818377   0.80222047   1.03576891   1.05416155   0.10895349   0.98175708   1.02072538
   1.58010028   0.89551159   0.62698632   0.56416092   0.97101363   1.01834847   0.38282317   0.78473215   1.03593940   1.06512768   0.15306059   0.96415681   1.03386200
   1.59252949   0.89678640   0.65001971   0.54915123   0.95936923   1.02429180   0.41711463   0.76673210   1.03394449   1.07592834   0.19706390   0.94567498   1.04422111
   1.60500185   0.89802610   0.67263479   0.53393844   0.94629446   1.03011084   0.45101081   0.74822465   1.02976422   1.08655359   0.24088585   0.92631354   1.05173928
   1.61751751   0.89923066   0.69480949   0.51852526   0.93179422   1.03580185   0.48446401   0.72921469   1.02338325   1.09699350   0.28444743   0.90607572   1.05636024
   1.63007662   0.90040001   0.71652175   0.50291445   0.91587564   1.04136100   0.51742622   0.70970754   1.01479086   1.10723798   0.32766830   0.88496588   1.05803517
   1.64267933   0.90153389   0.73774938   0.48710878   0.89854795   1.04678424   0.54984907   0.68970890   1.00398095   1.11727664   0.37046686   0.86298945   1.05672282
   1.65532580   0.90263200   0.75847022   0.47111116   0.87982283   1.05206745   0.58168397   0.66922501   0.99095243   1.12709887   0.41276040   0.84015316   1.05239014
   1.66801617   0.90369410   0.77866224   0.45492461   0.85971444   1.05720658   0.61288227   0.64826271   0.97570943   1.13669412   0.45446538   0.81646511   1.04501270
   1.68075060   0.90471998   0.79830352   0.43855228   0.83823933   1.06219759   0.64339525   0.62682932   0.95826123   1.14605172   0.49549751   0.79193470   1.03457487
   1.69352924   0.90570924   0.81737213   0.42199733   0.81541641   1.06703619   0.67317416   0.60493262   0.93862233   1.15516070   0.53577184   0.76657255   1.02107003
   1.70635225   0.90666147   0.83584621   0.40526305   0.79126708   1.07171808   0.70217029   0.58258096   0.91681267   1.16400998   0.57520304   0.74039068   1.00450100
   1.71921977   0.90757628   0.85370414   0.38835289   0.76581535   1.07623896   0.73033518   0.55978327   0.89285783   1.17258845   0.61370556   0.71340258   0.98488038
   1.73213197   0.90845333   0.87092452   0.37127039   0.73908776   1.08059459   0.75762067   0.53654905   0.86678897   1.18088497   0.65119391   0.68562313   0.96223073
   1.74508899   0.90929218   0.88748609   0.35401922   0.71111339   1.08478061   0.78397890   0.51288836   0.83864292   1.18888826   0.68758271   0.65706867   0.93658469
   1.75809100   0.91009238   0.90336780   0.33660315   0.68192388   1.08879263   0.80936244   0.48881183   0.80846223   1.19658691   0.72278699   0.62775695   0.90798522
   1.77113814   0.91085348   0.91854889   0.31902607   0.65155344   1.09262622   0.83372440   0.46433065   0.77629524   1.20396949   0.75672238   0.59770726   0.87648576
   1.78423059   0.91157501   0.93300887   0.30129203   0.62003889   1.09627700   0.85701853   0.43945663   0.74219609   1.21102452   0.78930536   0.56694035   0.84215037
   1.79736848   0.91225650   0.94672759   0.28340516   0.58741963   1.09974052   0.87919933   0.41420216   0.70622476   1.21774049   0.82045346   0.53547852   0.80505374
   1.81055199   0.91289750   0.95968527   0.26536978   0.55373763   1.10301237   0.90022209   0.38858024   0.66844704   1.22410586   0.85008554   0.50334559   0.76528129
   1.82378127   0.91349752   0.97186248   0.24719029   0.51903742   1.10608813   0.92004307   0.36260447   0.62893449   1.23010909   0.87812197   0.47056689   0.72292916
   1.83705648   0.91405610   0.98324023   0.22887125   0.48336608   1.10896337   0.93861953   0.33628905   0.58776443   1.23573861   0.90448492   0.43716933   0.67810413
   1.85037777   0.91457277   0.99379998   0.21041736   0.44677320   1.11163367   0.95590990   0.30964878   0.54501986   1.24098289   0.92909858   0.40318132   0.63092356
   1.86374532   0.91504704   1.00352364   0.19183342   0.40931084   1.11409463   0.97187381   0.28269907   0.50078938   1.24583040   0.95188941   0.36863285   0.58151526
   1.87715927   0.91547845   1.01239364   0.17312441   0.37103352   1.11634183   0.98647225   0.25545593   0.45516710   1.25026963   0.97278640   0.33355541   0.53001731
   1.89061979   0.91586651   1.02039295   0.15429541   0.33199815   1.11837089   0.99966764   0.22793597   0.40825250   1.25428913   0.99172134   0.29798204   0.47657785
   1.90412704   0.91621075   1.02750511   0.13535165   0.29226398   1.12017741   1.01142395   0.20015639   0.36015031   1.25787748   1.00862902   0.26194729   0.42135477
   1.91768119   0.91651067   1.03371425   0.11629850   0.25189257   1.12175703   1.02170683   0.17213501   0.31097037   1.26102334   1.02344755   0.22548723   0.36451544
   1.93128239   0.91676579   1.03900514   0.09714145   0.21094770   1.12310540   1.03048365   0.14389022   0.26082742   1.26371543   1.03611855   0.18863941   0.30623632
   1.94493082   0.91697563   1.04336322   0.07788615   0.16949529   1.12421820   1.03772367   0.11544101   0.20984089   1.26594256   1.04658747   0.15144286   0.24670255
   1.95862663   0.91713969   1.04677461   0.05853838   0.12760336   1.12509110   1.04339811   0.08680695   0.15813472   1.26769366   1.05480379   0.11393805   0.18610747
   1.97236998   0.91725749   1.04922617   0.03910404   0.08534193   1.12571984   1.04748026   0.05800819   0.10583712   1.26895773   1.06072128   0.07616688   0.12465216
   1.98616105   0.91732853   1.05070552   0.01958918   0.04278290   1.12610015   1.04994562   0.02906545   0.05308025   1.26972394   1.06429828   0.03817265   0.06254477
   2.00000000   0.91735232   1.05120108   0.00000000   0.00000000   1.12622782   1.05077192   0.00000000   0.00000000   1.26998159   1.06549788   0.00000000   0.00000000
