# omega, I_mm' (mm'= -2-2 -2-1 -20 -21 -22 -1-2 .. .. 22) [-2=ixy -1=iyz 0=z2 1=zx 2=x2]
  357.83254  0.00035   0.00000   0.00000   0.00000   0.00000   0.00000   0.00035   0.00000  -0.00000   0.00000   0.00000   0.00000   0.00217   0.00000   0.00000   0.00000  -0.00000   0.00000   0.00035   0.00000   0.00000   0.00000   0.00000   0.00000   0.00217 
  357.90057  0.00035   0.00000   0.00000   0.00000   0.00000   0.00000   0.00035   0.00000  -0.00000   0.00000   0.00000   0.00000   0.00205   0.00000   0.00000   0.00000  -0.00000   0.00000   0.00035   0.00000   0.00000   0.00000   0.00000   0.00000   0.00205 
  357.96860  0.00035   0.00000   0.00000   0.00000  -0.00000   0.00000   0.00035   0.00000  -0.00000   0.00000   0.00000   0.00000   0.00194   0.00000   0.00000   0.00000  -0.00000   0.00000   0.00035   0.00000  -0.00000   0.00000   0.00000   0.00000   0.00194 
  358.03663  0.00035   0.00000   0.00000   0.00000   0.00000   0.00000   0.00035   0.00000  -0.00000   0.00000   0.00000   0.00000   0.00184   0.00000   0.00000   0.00000  -0.00000   0.00000   0.00035   0.00000   0.00000   0.00000   0.00000   0.00000   0.00184 
  358.10466  0.00035   0.00000   0.00000   0.00000  -0.00000   0.00000   0.00035   0.00000   0.00000   0.00000   0.00000   0.00000   0.00175   0.00000   0.00000   0.00000   0.00000   0.00000   0.00035   0.00000  -0.00000   0.00000   0.00000   0.00000   0.00175 
  358.17268  0.00034   0.00000   0.00000   0.00000   0.00000   0.00000   0.00034   0.00000   0.00000   0.00000   0.00000   0.00000   0.00167   0.00000   0.00000   0.00000   0.00000   0.00000   0.00034   0.00000  -0.00000   0.00000   0.00000   0.00000   0.00167 
  358.24071  0.00034   0.00000   0.00000   0.00000  -0.00000   0.00000   0.00034   0.00000   0.00000   0.00000   0.00000   0.00000   0.00160   0.00000   0.00000   0.00000   0.00000   0.00000   0.00034   0.00000  -0.00000   0.00000   0.00000   0.00000   0.00160 
  358.30874  0.00034   0.00000   0.00000   0.00000  -0.00000   0.00000   0.00034   0.00000   0.00000   0.00000   0.00000   0.00000   0.00153   0.00000   0.00000   0.00000   0.00000   0.00000   0.00034   0.00000  -0.00000   0.00000   0.00000   0.00000   0.00153 
  358.37677  0.00034   0.00000   0.00000   0.00000  -0.00000   0.00000   0.00034   0.00000   0.00000   0.00000   0.00000   0.00000   0.00148   0.00000   0.00000   0.00000   0.00000   0.00000   0.00034   0.00000   0.00000   0.00000   0.00000   0.00000   0.00148 
  358.44480  0.00034   0.00000   0.00000   0.00000  -0.00000   0.00000   0.00034   0.00000   0.00000   0.00000   0.00000   0.00000   0.00142   0.00000   0.00000   0.00000   0.00000   0.00000   0.00034   0.00000   0.00000   0.00000   0.00000   0.00000   0.00142 
  358.51283  0.00034   0.00000   0.00000   0.00000   0.00000   0.00000   0.00034   0.00000   0.00000   0.00000   0.00000   0.00000   0.00137   0.00000   0.00000   0.00000   0.00000   0.00000   0.00034   0.00000   0.00000   0.00000   0.00000   0.00000   0.00137 
  358.58086  0.00034   0.00000   0.00000   0.00000   0.00000   0.00000   0.00034   0.00000   0.00000   0.00000   0.00000   0.00000   0.00133   0.00000   0.00000   0.00000   0.00000   0.00000   0.00034   0.00000  -0.00000   0.00000   0.00000   0.00000   0.00133 
  358.64889  0.00034   0.00000   0.00000   0.00000  -0.00000   0.00000   0.00034   0.00000   0.00000   0.00000   0.00000   0.00000   0.00129   0.00000   0.00000   0.00000   0.00000   0.00000   0.00034   0.00000   0.00000   0.00000   0.00000   0.00000   0.00129 
  358.71692  0.00033   0.00000   0.00000   0.00000  -0.00000   0.00000   0.00033   0.00000   0.00000   0.00000   0.00000   0.00000   0.00125   0.00000   0.00000   0.00000   0.00000   0.00000   0.00033   0.00000   0.00000   0.00000   0.00000   0.00000   0.00125 
  358.78495  0.00033   0.00000   0.00000   0.00000   0.00000   0.00000   0.00033   0.00000   0.00000   0.00000   0.00000   0.00000   0.00121   0.00000   0.00000   0.00000   0.00000   0.00000   0.00033   0.00000  -0.00000   0.00000   0.00000   0.00000   0.00121 
  358.85297  0.00033   0.00000   0.00000   0.00000  -0.00000   0.00000   0.00033   0.00000   0.00000   0.00000   0.00000   0.00000   0.00118   0.00000   0.00000   0.00000   0.00000   0.00000   0.00033   0.00000  -0.00000   0.00000   0.00000   0.00000   0.00118 
  358.92100  0.00033   0.00000   0.00000   0.00000   0.00000   0.00000   0.00033   0.00000   0.00000   0.00000   0.00000   0.00000   0.00115   0.00000   0.00000   0.00000   0.00000   0.00000   0.00033   0.00000  -0.00000   0.00000   0.00000   0.00000   0.00115 
  358.98903  0.00033   0.00000   0.00000   0.00000  -0.00000   0.00000   0.00033   0.00000  -0.00000   0.00000   0.00000   0.00000   0.00113   0.00000   0.00000   0.00000  -0.00000   0.00000   0.00033   0.00000  -0.00000   0.00000   0.00000   0.00000   0.00113 
  359.05706  0.00033   0.00000   0.00000   0.00000   0.00000   0.00000   0.00033   0.00000   0.00000   0.00000   0.00000   0.00000   0.00110   0.00000   0.00000   0.00000   0.00000   0.00000   0.00033   0.00000  -0.00000   0.00000   0.00000   0.00000   0.00110 
  359.12509  0.00033   0.00000   0.00000   0.00000   0.00000   0.00000   0.00033   0.00000   0.00000   0.00000   0.00000   0.00000   0.00108   0.00000   0.00000   0.00000   0.00000   0.00000   0.00033   0.00000  -0.00000   0.00000   0.00000   0.00000   0.00108 
  359.19312  0.00033   0.00000   0.00000   0.00000   0.00000   0.00000   0.00033   0.00000   0.00000   0.00000   0.00000   0.00000   0.00106   0.00000   0.00000   0.00000   0.00000   0.00000   0.00033   0.00000  -0.00000   0.00000   0.00000   0.00000   0.00106 
  359.26115  0.00034   0.00000   0.00000   0.00000  -0.00000   0.00000   0.00034   0.00000   0.00000   0.00000   0.00000   0.00000   0.00104   0.00000   0.00000   0.00000   0.00000   0.00000   0.00034   0.00000   0.00000   0.00000   0.00000   0.00000   0.00104 
  359.32918  0.00034   0.00000   0.00000   0.00000   0.00000   0.00000   0.00034   0.00000   0.00000   0.00000   0.00000   0.00000   0.00103   0.00000   0.00000   0.00000   0.00000   0.00000   0.00034   0.00000   0.00000   0.00000   0.00000   0.00000   0.00103 
  359.39721  0.00034   0.00000   0.00000   0.00000   0.00000   0.00000   0.00034   0.00000   0.00000   0.00000   0.00000   0.00000   0.00101   0.00000   0.00000   0.00000   0.00000   0.00000   0.00034   0.00000   0.00000   0.00000   0.00000   0.00000   0.00101 
  359.46524  0.00035   0.00000   0.00000   0.00000   0.00000   0.00000   0.00035   0.00000  -0.00000   0.00000   0.00000   0.00000   0.00100   0.00000   0.00000   0.00000  -0.00000   0.00000   0.00035   0.00000   0.00000   0.00000   0.00000   0.00000   0.00100 
  359.53326  0.00036   0.00000   0.00000   0.00000   0.00000   0.00000   0.00036   0.00000  -0.00000   0.00000   0.00000   0.00000   0.00099   0.00000   0.00000   0.00000  -0.00000   0.00000   0.00036   0.00000  -0.00000   0.00000   0.00000   0.00000   0.00099 
  359.60129  0.00037   0.00000   0.00000   0.00000  -0.00000   0.00000   0.00037   0.00000  -0.00000   0.00000   0.00000   0.00000   0.00098   0.00000   0.00000   0.00000  -0.00000   0.00000   0.00037   0.00000   0.00000   0.00000   0.00000   0.00000   0.00098 
  359.66932  0.00039   0.00000   0.00000   0.00000   0.00000   0.00000   0.00039   0.00000  -0.00000   0.00000   0.00000   0.00000   0.00098   0.00000   0.00000   0.00000  -0.00000   0.00000   0.00039   0.00000   0.00000   0.00000   0.00000   0.00000   0.00098 
  359.73735  0.00041   0.00000   0.00000   0.00000   0.00000   0.00000   0.00041   0.00000   0.00000   0.00000   0.00000   0.00000   0.00097   0.00000   0.00000   0.00000   0.00000   0.00000   0.00041   0.00000   0.00000   0.00000   0.00000   0.00000   0.00097 
  359.80538  0.00044   0.00000   0.00000   0.00000  -0.00000   0.00000   0.00044   0.00000   0.00000   0.00000   0.00000   0.00000   0.00097   0.00000   0.00000   0.00000   0.00000   0.00000   0.00044   0.00000  -0.00000   0.00000   0.00000   0.00000   0.00097 
  359.87341  0.00049   0.00000   0.00000   0.00000   0.00000   0.00000   0.00049   0.00000   0.00000   0.00000   0.00000   0.00000   0.00096   0.00000   0.00000   0.00000   0.00000   0.00000   0.00049   0.00000  -0.00000   0.00000   0.00000   0.00000   0.00096 
  359.94144  0.00055   0.00000   0.00000   0.00000  -0.00000   0.00000   0.00055   0.00000  -0.00000   0.00000   0.00000   0.00000   0.00096   0.00000   0.00000   0.00000  -0.00000   0.00000   0.00055   0.00000   0.00000   0.00000   0.00000   0.00000   0.00096 
  360.00947  0.00063   0.00000   0.00000   0.00000  -0.00000   0.00000   0.00063   0.00000   0.00000   0.00000   0.00000   0.00000   0.00096   0.00000   0.00000   0.00000   0.00000   0.00000   0.00063   0.00000  -0.00000   0.00000   0.00000   0.00000   0.00096 
  360.07750  0.00073   0.00000   0.00000   0.00000   0.00000   0.00000   0.00073   0.00000   0.00000   0.00000   0.00000   0.00000   0.00097   0.00000   0.00000   0.00000   0.00000   0.00000   0.00073   0.00000   0.00000   0.00000   0.00000   0.00000   0.00097 
  360.14553  0.00083   0.00000   0.00000   0.00000  -0.00000   0.00000   0.00083   0.00000  -0.00000   0.00000   0.00000   0.00000   0.00097   0.00000   0.00000   0.00000  -0.00000   0.00000   0.00083   0.00000  -0.00000   0.00000   0.00000   0.00000   0.00097 
  360.21355  0.00093   0.00000   0.00000   0.00000  -0.00000   0.00000   0.00093   0.00000   0.00000   0.00000   0.00000   0.00000   0.00098   0.00000   0.00000   0.00000   0.00000   0.00000   0.00093   0.00000  -0.00000   0.00000   0.00000   0.00000   0.00098 
  360.28158  0.00101   0.00000   0.00000   0.00000  -0.00000   0.00000   0.00101   0.00000  -0.00000   0.00000   0.00000   0.00000   0.00099   0.00000   0.00000   0.00000  -0.00000   0.00000   0.00101   0.00000  -0.00000   0.00000   0.00000   0.00000   0.00099 
  360.34961  0.00104   0.00000   0.00000   0.00000   0.00000   0.00000   0.00104   0.00000  -0.00000   0.00000   0.00000   0.00000   0.00101   0.00000   0.00000   0.00000  -0.00000   0.00000   0.00104   0.00000   0.00000   0.00000   0.00000   0.00000   0.00101 
  360.41764  0.00104   0.00000   0.00000   0.00000  -0.00000   0.00000   0.00104   0.00000  -0.00000   0.00000   0.00000   0.00000   0.00102   0.00000   0.00000   0.00000  -0.00000   0.00000   0.00104   0.00000  -0.00000   0.00000   0.00000   0.00000   0.00102 
  360.48567  0.00101   0.00000   0.00000   0.00000  -0.00000   0.00000   0.00101   0.00000  -0.00000   0.00000   0.00000   0.00000   0.00104   0.00000   0.00000   0.00000  -0.00000   0.00000   0.00101   0.00000  -0.00000   0.00000   0.00000   0.00000   0.00104 
  360.55370  0.00096   0.00000   0.00000   0.00000   0.00000   0.00000   0.00096   0.00000  -0.00000   0.00000   0.00000   0.00000   0.00107   0.00000   0.00000   0.00000  -0.00000   0.00000   0.00096   0.00000  -0.00000   0.00000   0.00000   0.00000   0.00107 
  360.62173  0.00092   0.00000   0.00000   0.00000  -0.00000   0.00000   0.00092   0.00000  -0.00000   0.00000   0.00000   0.00000   0.00110   0.00000   0.00000   0.00000  -0.00000   0.00000   0.00092   0.00000  -0.00000   0.00000   0.00000   0.00000   0.00110 
  360.68976  0.00087   0.00000   0.00000   0.00000  -0.00000   0.00000   0.00087   0.00000   0.00000   0.00000   0.00000   0.00000   0.00113   0.00000   0.00000   0.00000   0.00000   0.00000   0.00087   0.00000  -0.00000   0.00000   0.00000   0.00000   0.00113 
  360.75779  0.00083   0.00000   0.00000   0.00000  -0.00000   0.00000   0.00083   0.00000   0.00000   0.00000   0.00000   0.00000   0.00117   0.00000   0.00000   0.00000   0.00000   0.00000   0.00083   0.00000  -0.00000   0.00000   0.00000   0.00000   0.00117 
  360.82582  0.00080   0.00000   0.00000   0.00000  -0.00000   0.00000   0.00080   0.00000   0.00000   0.00000   0.00000   0.00000   0.00122   0.00000   0.00000   0.00000   0.00000   0.00000   0.00080   0.00000  -0.00000   0.00000   0.00000   0.00000   0.00122 
  360.89384  0.00078   0.00000   0.00000   0.00000  -0.00000   0.00000   0.00078   0.00000  -0.00000   0.00000   0.00000   0.00000   0.00128   0.00000   0.00000   0.00000  -0.00000   0.00000   0.00078   0.00000  -0.00000   0.00000   0.00000   0.00000   0.00128 
  360.96187  0.00076   0.00000   0.00000   0.00000  -0.00000   0.00000   0.00076   0.00000  -0.00000   0.00000   0.00000   0.00000   0.00135   0.00000   0.00000   0.00000  -0.00000   0.00000   0.00076   0.00000  -0.00000   0.00000   0.00000   0.00000   0.00135 
  361.02990  0.00074   0.00000   0.00000   0.00000  -0.00000   0.00000   0.00074   0.00000  -0.00000   0.00000   0.00000   0.00000   0.00143   0.00000   0.00000   0.00000  -0.00000   0.00000   0.00074   0.00000  -0.00000   0.00000   0.00000   0.00000   0.00143 
  361.09793  0.00073   0.00000   0.00000   0.00000  -0.00000   0.00000   0.00073   0.00000  -0.00000   0.00000   0.00000   0.00000   0.00153   0.00000   0.00000   0.00000  -0.00000   0.00000   0.00073   0.00000  -0.00000   0.00000   0.00000   0.00000   0.00153 
  361.16596  0.00073   0.00000   0.00000   0.00000  -0.00000   0.00000   0.00073   0.00000  -0.00000   0.00000   0.00000   0.00000   0.00164   0.00000   0.00000   0.00000  -0.00000   0.00000   0.00073   0.00000  -0.00000   0.00000   0.00000   0.00000   0.00164 
  361.23399  0.00072   0.00000   0.00000   0.00000  -0.00000   0.00000   0.00072   0.00000  -0.00000   0.00000   0.00000   0.00000   0.00178   0.00000   0.00000   0.00000  -0.00000   0.00000   0.00072   0.00000  -0.00000   0.00000   0.00000   0.00000   0.00178 
  361.30202  0.00073   0.00000   0.00000   0.00000  -0.00000   0.00000   0.00073   0.00000  -0.00000   0.00000   0.00000   0.00000   0.00194   0.00000   0.00000   0.00000  -0.00000   0.00000   0.00073   0.00000  -0.00000   0.00000   0.00000   0.00000   0.00194 
  361.37005  0.00073   0.00000   0.00000   0.00000   0.00000   0.00000   0.00073   0.00000  -0.00000   0.00000   0.00000   0.00000   0.00212   0.00000   0.00000   0.00000  -0.00000   0.00000   0.00073   0.00000  -0.00000   0.00000   0.00000   0.00000   0.00212 
  361.43808  0.00074   0.00000   0.00000   0.00000  -0.00000   0.00000   0.00074   0.00000  -0.00000   0.00000   0.00000   0.00000   0.00233   0.00000   0.00000   0.00000  -0.00000   0.00000   0.00074   0.00000  -0.00000   0.00000   0.00000   0.00000   0.00233 
  361.50611  0.00076   0.00000   0.00000   0.00000   0.00000   0.00000   0.00076   0.00000  -0.00000   0.00000   0.00000   0.00000   0.00255   0.00000   0.00000   0.00000  -0.00000   0.00000   0.00076   0.00000  -0.00000   0.00000   0.00000   0.00000   0.00255 
  361.57413  0.00078   0.00000   0.00000   0.00000   0.00000   0.00000   0.00078   0.00000   0.00000   0.00000   0.00000   0.00000   0.00279   0.00000   0.00000   0.00000   0.00000   0.00000   0.00078   0.00000  -0.00000   0.00000   0.00000   0.00000   0.00279 
  361.64216  0.00080   0.00000   0.00000   0.00000  -0.00000   0.00000   0.00080   0.00000   0.00000   0.00000   0.00000   0.00000   0.00303   0.00000   0.00000   0.00000   0.00000   0.00000   0.00080   0.00000  -0.00000   0.00000   0.00000   0.00000   0.00303 
  361.71019  0.00083   0.00000   0.00000   0.00000   0.00000   0.00000   0.00083   0.00000   0.00000   0.00000   0.00000   0.00000   0.00326   0.00000   0.00000   0.00000   0.00000   0.00000   0.00083   0.00000   0.00000   0.00000   0.00000   0.00000   0.00326 
  361.77822  0.00086   0.00000   0.00000   0.00000   0.00000   0.00000   0.00086   0.00000   0.00000   0.00000   0.00000   0.00000   0.00345   0.00000   0.00000   0.00000   0.00000   0.00000   0.00086   0.00000   0.00000   0.00000   0.00000   0.00000   0.00345 
  361.84625  0.00090   0.00000   0.00000   0.00000  -0.00000   0.00000   0.00090   0.00000  -0.00000   0.00000   0.00000   0.00000   0.00358   0.00000   0.00000   0.00000  -0.00000   0.00000   0.00090   0.00000  -0.00000   0.00000   0.00000   0.00000   0.00358 
  361.91428  0.00094   0.00000   0.00000   0.00000  -0.00000   0.00000   0.00094   0.00000   0.00000   0.00000   0.00000   0.00000   0.00366   0.00000   0.00000   0.00000   0.00000   0.00000   0.00094   0.00000  -0.00000   0.00000   0.00000   0.00000   0.00366 
  361.98231  0.00099   0.00000   0.00000   0.00000   0.00000   0.00000   0.00099   0.00000  -0.00000   0.00000   0.00000   0.00000   0.00367   0.00000   0.00000   0.00000  -0.00000   0.00000   0.00099   0.00000  -0.00000   0.00000   0.00000   0.00000   0.00367 
  362.05034  0.00105   0.00000   0.00000   0.00000  -0.00000   0.00000   0.00105   0.00000  -0.00000   0.00000   0.00000   0.00000   0.00362   0.00000   0.00000   0.00000  -0.00000   0.00000   0.00105   0.00000  -0.00000   0.00000   0.00000   0.00000   0.00362 
  362.11837  0.00112   0.00000   0.00000   0.00000  -0.00000   0.00000   0.00112   0.00000  -0.00000   0.00000   0.00000   0.00000   0.00353   0.00000   0.00000   0.00000  -0.00000   0.00000   0.00112   0.00000   0.00000   0.00000   0.00000   0.00000   0.00353 
  362.18640  0.00120   0.00000   0.00000   0.00000   0.00000   0.00000   0.00120   0.00000   0.00000   0.00000   0.00000   0.00000   0.00342   0.00000   0.00000   0.00000   0.00000   0.00000   0.00120   0.00000  -0.00000   0.00000   0.00000   0.00000   0.00342 
  362.25442  0.00129   0.00000   0.00000   0.00000   0.00000   0.00000   0.00129   0.00000   0.00000   0.00000   0.00000   0.00000   0.00329   0.00000   0.00000   0.00000   0.00000   0.00000   0.00129   0.00000   0.00000   0.00000   0.00000   0.00000   0.00329 
  362.32245  0.00139   0.00000   0.00000   0.00000  -0.00000   0.00000   0.00139   0.00000  -0.00000   0.00000   0.00000   0.00000   0.00316   0.00000   0.00000   0.00000  -0.00000   0.00000   0.00139   0.00000   0.00000   0.00000   0.00000   0.00000   0.00316 
  362.39048  0.00151   0.00000   0.00000   0.00000  -0.00000   0.00000   0.00151   0.00000  -0.00000   0.00000   0.00000   0.00000   0.00303   0.00000   0.00000   0.00000  -0.00000   0.00000   0.00151   0.00000  -0.00000   0.00000   0.00000   0.00000   0.00303 
  362.45851  0.00164   0.00000   0.00000   0.00000  -0.00000   0.00000   0.00164   0.00000  -0.00000   0.00000   0.00000   0.00000   0.00291   0.00000   0.00000   0.00000  -0.00000   0.00000   0.00164   0.00000  -0.00000   0.00000   0.00000   0.00000   0.00291 
  362.52654  0.00180   0.00000   0.00000   0.00000  -0.00000   0.00000   0.00180   0.00000   0.00000   0.00000   0.00000   0.00000   0.00281   0.00000   0.00000   0.00000   0.00000   0.00000   0.00180   0.00000  -0.00000   0.00000   0.00000   0.00000   0.00281 
  362.59457  0.00197   0.00000   0.00000   0.00000   0.00000   0.00000   0.00197   0.00000   0.00000   0.00000   0.00000   0.00000   0.00271   0.00000   0.00000   0.00000   0.00000   0.00000   0.00197   0.00000   0.00000   0.00000   0.00000   0.00000   0.00271 
  362.66260  0.00217   0.00000   0.00000   0.00000   0.00000   0.00000   0.00217   0.00000   0.00000   0.00000   0.00000   0.00000   0.00263   0.00000   0.00000   0.00000   0.00000   0.00000   0.00217   0.00000   0.00000   0.00000   0.00000   0.00000   0.00263 
  362.73063  0.00240   0.00000   0.00000   0.00000   0.00000   0.00000   0.00240   0.00000   0.00000   0.00000   0.00000   0.00000   0.00256   0.00000   0.00000   0.00000   0.00000   0.00000   0.00240   0.00000   0.00000   0.00000   0.00000   0.00000   0.00256 
  362.79866  0.00266   0.00000   0.00000   0.00000   0.00000   0.00000   0.00266   0.00000   0.00000   0.00000   0.00000   0.00000   0.00250   0.00000   0.00000   0.00000   0.00000   0.00000   0.00266   0.00000  -0.00000   0.00000   0.00000   0.00000   0.00250 
  362.86669  0.00297   0.00000   0.00000   0.00000   0.00000   0.00000   0.00297   0.00000  -0.00000   0.00000   0.00000   0.00000   0.00245   0.00000   0.00000   0.00000  -0.00000   0.00000   0.00297   0.00000   0.00000   0.00000   0.00000   0.00000   0.00245 
  362.93471  0.00331   0.00000   0.00000   0.00000  -0.00000   0.00000   0.00331   0.00000   0.00000   0.00000   0.00000   0.00000   0.00241   0.00000   0.00000   0.00000   0.00000   0.00000   0.00331   0.00000  -0.00000   0.00000   0.00000   0.00000   0.00241 
  363.00274  0.00372   0.00000   0.00000   0.00000  -0.00000   0.00000   0.00372   0.00000   0.00000   0.00000   0.00000   0.00000   0.00238   0.00000   0.00000   0.00000   0.00000   0.00000   0.00372   0.00000  -0.00000   0.00000   0.00000   0.00000   0.00238 
  363.07077  0.00418   0.00000   0.00000   0.00000  -0.00000   0.00000   0.00418   0.00000  -0.00000   0.00000   0.00000   0.00000   0.00235   0.00000   0.00000   0.00000  -0.00000   0.00000   0.00418   0.00000   0.00000   0.00000   0.00000   0.00000   0.00235 
  363.13880  0.00472   0.00000   0.00000   0.00000   0.00000   0.00000   0.00472   0.00000  -0.00000   0.00000   0.00000   0.00000   0.00234   0.00000   0.00000   0.00000  -0.00000   0.00000   0.00472   0.00000   0.00000   0.00000   0.00000   0.00000   0.00234 
  363.20683  0.00534   0.00000   0.00000   0.00000  -0.00000   0.00000   0.00534   0.00000   0.00000   0.00000   0.00000   0.00000   0.00233   0.00000   0.00000   0.00000   0.00000   0.00000   0.00534   0.00000  -0.00000   0.00000   0.00000   0.00000   0.00233 
  363.27486  0.00607   0.00000   0.00000   0.00000  -0.00000   0.00000   0.00607   0.00000   0.00000   0.00000   0.00000   0.00000   0.00232   0.00000   0.00000   0.00000   0.00000   0.00000   0.00607   0.00000  -0.00000   0.00000   0.00000   0.00000   0.00232 
  363.34289  0.00692   0.00000   0.00000   0.00000  -0.00000   0.00000   0.00692   0.00000   0.00000   0.00000   0.00000   0.00000   0.00233   0.00000   0.00000   0.00000   0.00000   0.00000   0.00692   0.00000  -0.00000   0.00000   0.00000   0.00000   0.00233 
  363.41092  0.00791   0.00000   0.00000   0.00000   0.00000   0.00000   0.00791   0.00000  -0.00000   0.00000   0.00000   0.00000   0.00233   0.00000   0.00000   0.00000  -0.00000   0.00000   0.00791   0.00000   0.00000   0.00000   0.00000   0.00000   0.00233 
  363.47895  0.00908   0.00000   0.00000   0.00000  -0.00000   0.00000   0.00908   0.00000  -0.00000   0.00000   0.00000   0.00000   0.00235   0.00000   0.00000   0.00000  -0.00000   0.00000   0.00908   0.00000  -0.00000   0.00000   0.00000   0.00000   0.00235 
  363.54698  0.01046   0.00000   0.00000   0.00000   0.00000   0.00000   0.01046   0.00000   0.00000   0.00000   0.00000   0.00000   0.00237   0.00000   0.00000   0.00000   0.00000   0.00000   0.01046   0.00000  -0.00000   0.00000   0.00000   0.00000   0.00237 
  363.61500  0.01209   0.00000   0.00000   0.00000  -0.00000   0.00000   0.01209   0.00000  -0.00000   0.00000   0.00000   0.00000   0.00239   0.00000   0.00000   0.00000  -0.00000   0.00000   0.01209   0.00000  -0.00000   0.00000   0.00000   0.00000   0.00239 
  363.68303  0.01403   0.00000   0.00000   0.00000  -0.00000   0.00000   0.01403   0.00000   0.00000   0.00000   0.00000   0.00000   0.00242   0.00000   0.00000   0.00000   0.00000   0.00000   0.01403   0.00000  -0.00000   0.00000   0.00000   0.00000   0.00242 
  363.75106  0.01634   0.00000   0.00000   0.00000  -0.00000   0.00000   0.01634   0.00000   0.00000   0.00000   0.00000   0.00000   0.00245   0.00000   0.00000   0.00000   0.00000   0.00000   0.01634   0.00000  -0.00000   0.00000   0.00000   0.00000   0.00245 
  363.81909  0.01911   0.00000   0.00000   0.00000  -0.00000   0.00000   0.01911   0.00000   0.00000   0.00000   0.00000   0.00000   0.00249   0.00000   0.00000   0.00000   0.00000   0.00000   0.01911   0.00000   0.00000   0.00000   0.00000   0.00000   0.00249 
  363.88712  0.02242   0.00000   0.00000   0.00000  -0.00000   0.00000   0.02242   0.00000  -0.00000   0.00000   0.00000   0.00000   0.00253   0.00000   0.00000   0.00000  -0.00000   0.00000   0.02242   0.00000  -0.00000   0.00000   0.00000   0.00000   0.00253 
  363.95515  0.02642   0.00000   0.00000   0.00000  -0.00000   0.00000   0.02642   0.00000   0.00000   0.00000   0.00000   0.00000   0.00258   0.00000   0.00000   0.00000   0.00000   0.00000   0.02642   0.00000  -0.00000   0.00000   0.00000   0.00000   0.00258 
  364.02318  0.03124   0.00000   0.00000   0.00000   0.00000   0.00000   0.03124   0.00000  -0.00000   0.00000   0.00000   0.00000   0.00263   0.00000   0.00000   0.00000  -0.00000   0.00000   0.03124   0.00000  -0.00000   0.00000   0.00000   0.00000   0.00263 
  364.09121  0.03706   0.00000   0.00000   0.00000   0.00000   0.00000   0.03706   0.00000  -0.00000   0.00000   0.00000   0.00000   0.00269   0.00000   0.00000   0.00000  -0.00000   0.00000   0.03706   0.00000   0.00000   0.00000   0.00000   0.00000   0.00269 
  364.15924  0.04409   0.00000   0.00000   0.00000   0.00000   0.00000   0.04409   0.00000   0.00000   0.00000   0.00000   0.00000   0.00276   0.00000   0.00000   0.00000   0.00000   0.00000   0.04409   0.00000  -0.00000   0.00000   0.00000   0.00000   0.00276 
  364.22727  0.05253   0.00000   0.00000   0.00000   0.00000   0.00000   0.05253   0.00000   0.00000   0.00000   0.00000   0.00000   0.00283   0.00000   0.00000   0.00000   0.00000   0.00000   0.05253   0.00000   0.00000   0.00000   0.00000   0.00000   0.00283 
  364.29529  0.06259   0.00000   0.00000   0.00000  -0.00000   0.00000   0.06259   0.00000   0.00000   0.00000   0.00000   0.00000   0.00291   0.00000   0.00000   0.00000   0.00000   0.00000   0.06259   0.00000  -0.00000   0.00000   0.00000   0.00000   0.00291 
  364.36332  0.07441   0.00000   0.00000   0.00000   0.00000   0.00000   0.07441   0.00000  -0.00000   0.00000   0.00000   0.00000   0.00299   0.00000   0.00000   0.00000  -0.00000   0.00000   0.07441   0.00000   0.00000   0.00000   0.00000   0.00000   0.00299 
  364.43135  0.08801   0.00000   0.00000   0.00000  -0.00000   0.00000   0.08801   0.00000  -0.00000   0.00000   0.00000   0.00000   0.00308   0.00000   0.00000   0.00000  -0.00000   0.00000   0.08801   0.00000   0.00000   0.00000   0.00000   0.00000   0.00308 
  364.49938  0.10313   0.00000   0.00000   0.00000  -0.00000   0.00000   0.10313   0.00000   0.00000   0.00000   0.00000   0.00000   0.00318   0.00000   0.00000   0.00000   0.00000   0.00000   0.10313   0.00000   0.00000   0.00000   0.00000   0.00000   0.00318 
  364.56741  0.11912   0.00000   0.00000   0.00000   0.00000   0.00000   0.11912   0.00000  -0.00000   0.00000   0.00000   0.00000   0.00329   0.00000   0.00000   0.00000  -0.00000   0.00000   0.11912   0.00000  -0.00000   0.00000   0.00000   0.00000   0.00329 
  364.63544  0.13486   0.00000   0.00000   0.00000  -0.00000   0.00000   0.13486   0.00000  -0.00000   0.00000   0.00000   0.00000   0.00341   0.00000   0.00000   0.00000  -0.00000   0.00000   0.13486   0.00000  -0.00000   0.00000   0.00000   0.00000   0.00341 
  364.70347  0.14885   0.00000   0.00000   0.00000   0.00000   0.00000   0.14885   0.00000  -0.00000   0.00000   0.00000   0.00000   0.00353   0.00000   0.00000   0.00000  -0.00000   0.00000   0.14885   0.00000   0.00000   0.00000   0.00000   0.00000   0.00353 
  364.77150  0.15949   0.00000   0.00000   0.00000  -0.00000   0.00000   0.15949   0.00000   0.00000   0.00000   0.00000   0.00000   0.00367   0.00000   0.00000   0.00000   0.00000   0.00000   0.15949   0.00000  -0.00000   0.00000   0.00000   0.00000   0.00367 
  364.83953  0.16557   0.00000   0.00000   0.00000   0.00000   0.00000   0.16557   0.00000   0.00000   0.00000   0.00000   0.00000   0.00382   0.00000   0.00000   0.00000   0.00000   0.00000   0.16557   0.00000   0.00000   0.00000   0.00000   0.00000   0.00382 
  364.90756  0.16669   0.00000   0.00000   0.00000  -0.00000   0.00000   0.16669   0.00000   0.00000   0.00000   0.00000   0.00000   0.00399   0.00000   0.00000   0.00000   0.00000   0.00000   0.16669   0.00000   0.00000   0.00000   0.00000   0.00000   0.00399 
  364.97558  0.16329   0.00000   0.00000   0.00000   0.00000   0.00000   0.16329   0.00000   0.00000   0.00000   0.00000   0.00000   0.00416   0.00000   0.00000   0.00000   0.00000   0.00000   0.16329   0.00000   0.00000   0.00000   0.00000   0.00000   0.00416 
  365.04361  0.15646   0.00000   0.00000   0.00000   0.00000   0.00000   0.15646   0.00000   0.00000   0.00000   0.00000   0.00000   0.00436   0.00000   0.00000   0.00000   0.00000   0.00000   0.15646   0.00000   0.00000   0.00000   0.00000   0.00000   0.00436 
  365.11164  0.14745   0.00000   0.00000   0.00000  -0.00000   0.00000   0.14745   0.00000  -0.00000   0.00000   0.00000   0.00000   0.00457   0.00000   0.00000   0.00000  -0.00000   0.00000   0.14745   0.00000  -0.00000   0.00000   0.00000   0.00000   0.00457 
  365.17967  0.13741   0.00000   0.00000   0.00000  -0.00000   0.00000   0.13741   0.00000  -0.00000   0.00000   0.00000   0.00000   0.00480   0.00000   0.00000   0.00000  -0.00000   0.00000   0.13741   0.00000   0.00000   0.00000   0.00000   0.00000   0.00480 
  365.24770  0.12719   0.00000   0.00000   0.00000  -0.00000   0.00000   0.12719   0.00000  -0.00000   0.00000   0.00000   0.00000   0.00505   0.00000   0.00000   0.00000  -0.00000   0.00000   0.12719   0.00000  -0.00000   0.00000   0.00000   0.00000   0.00505 
  365.31573  0.11734   0.00000   0.00000   0.00000  -0.00000   0.00000   0.11734   0.00000  -0.00000   0.00000   0.00000   0.00000   0.00533   0.00000   0.00000   0.00000  -0.00000   0.00000   0.11734   0.00000  -0.00000   0.00000   0.00000   0.00000   0.00533 
  365.38376  0.10816   0.00000   0.00000   0.00000  -0.00000   0.00000   0.10816   0.00000   0.00000   0.00000   0.00000   0.00000   0.00564   0.00000   0.00000   0.00000   0.00000   0.00000   0.10816   0.00000  -0.00000   0.00000   0.00000   0.00000   0.00564 
  365.45179  0.09981   0.00000   0.00000   0.00000   0.00000   0.00000   0.09981   0.00000  -0.00000   0.00000   0.00000   0.00000   0.00597   0.00000   0.00000   0.00000  -0.00000   0.00000   0.09981   0.00000   0.00000   0.00000   0.00000   0.00000   0.00597 
  365.51982  0.09229   0.00000   0.00000   0.00000  -0.00000   0.00000   0.09229   0.00000  -0.00000   0.00000   0.00000   0.00000   0.00635   0.00000   0.00000   0.00000  -0.00000   0.00000   0.09229   0.00000  -0.00000   0.00000   0.00000   0.00000   0.00635 
  365.58785  0.08559   0.00000   0.00000   0.00000  -0.00000   0.00000   0.08559   0.00000   0.00000   0.00000   0.00000   0.00000   0.00676   0.00000   0.00000   0.00000   0.00000   0.00000   0.08559   0.00000  -0.00000   0.00000   0.00000   0.00000   0.00676 
  365.65587  0.07963   0.00000   0.00000   0.00000   0.00000   0.00000   0.07963   0.00000   0.00000   0.00000   0.00000   0.00000   0.00722   0.00000   0.00000   0.00000   0.00000   0.00000   0.07963   0.00000   0.00000   0.00000   0.00000   0.00000   0.00722 
  365.72390  0.07435   0.00000   0.00000   0.00000   0.00000   0.00000   0.07435   0.00000  -0.00000   0.00000   0.00000   0.00000   0.00773   0.00000   0.00000   0.00000  -0.00000   0.00000   0.07435   0.00000  -0.00000   0.00000   0.00000   0.00000   0.00773 
  365.79193  0.06967   0.00000   0.00000   0.00000  -0.00000   0.00000   0.06967   0.00000  -0.00000   0.00000   0.00000   0.00000   0.00831   0.00000   0.00000   0.00000  -0.00000   0.00000   0.06967   0.00000  -0.00000   0.00000   0.00000   0.00000   0.00831 
  365.85996  0.06551   0.00000   0.00000   0.00000   0.00000   0.00000   0.06551   0.00000  -0.00000   0.00000   0.00000   0.00000   0.00895   0.00000   0.00000   0.00000  -0.00000   0.00000   0.06551   0.00000  -0.00000   0.00000   0.00000   0.00000   0.00895 
  365.92799  0.06181   0.00000   0.00000   0.00000  -0.00000   0.00000   0.06181   0.00000   0.00000   0.00000   0.00000   0.00000   0.00968   0.00000   0.00000   0.00000   0.00000   0.00000   0.06181   0.00000  -0.00000   0.00000   0.00000   0.00000   0.00968 
  365.99602  0.05851   0.00000   0.00000   0.00000  -0.00000   0.00000   0.05851   0.00000  -0.00000   0.00000   0.00000   0.00000   0.01051   0.00000   0.00000   0.00000  -0.00000   0.00000   0.05851   0.00000   0.00000   0.00000   0.00000   0.00000   0.01051 
  366.06405  0.05556   0.00000   0.00000   0.00000  -0.00000   0.00000   0.05556   0.00000   0.00000   0.00000   0.00000   0.00000   0.01145   0.00000   0.00000   0.00000   0.00000   0.00000   0.05556   0.00000  -0.00000   0.00000   0.00000   0.00000   0.01145 
  366.13208  0.05292   0.00000   0.00000   0.00000  -0.00000   0.00000   0.05292   0.00000   0.00000   0.00000   0.00000   0.00000   0.01253   0.00000   0.00000   0.00000   0.00000   0.00000   0.05292   0.00000   0.00000   0.00000   0.00000   0.00000   0.01253 
  366.20011  0.05055   0.00000   0.00000   0.00000  -0.00000   0.00000   0.05055   0.00000   0.00000   0.00000   0.00000   0.00000   0.01378   0.00000   0.00000   0.00000   0.00000   0.00000   0.05055   0.00000   0.00000   0.00000   0.00000   0.00000   0.01378 
  366.26814  0.04841   0.00000   0.00000   0.00000  -0.00000   0.00000   0.04841   0.00000  -0.00000   0.00000   0.00000   0.00000   0.01522   0.00000   0.00000   0.00000  -0.00000   0.00000   0.04841   0.00000  -0.00000   0.00000   0.00000   0.00000   0.01522 
  366.33616  0.04647   0.00000   0.00000   0.00000   0.00000   0.00000   0.04647   0.00000  -0.00000   0.00000   0.00000   0.00000   0.01691   0.00000   0.00000   0.00000  -0.00000   0.00000   0.04647   0.00000  -0.00000   0.00000   0.00000   0.00000   0.01691 
  366.40419  0.04472   0.00000   0.00000   0.00000  -0.00000   0.00000   0.04472   0.00000  -0.00000   0.00000   0.00000   0.00000   0.01889   0.00000   0.00000   0.00000  -0.00000   0.00000   0.04472   0.00000  -0.00000   0.00000   0.00000   0.00000   0.01889 
  366.47222  0.04313   0.00000   0.00000   0.00000  -0.00000   0.00000   0.04313   0.00000   0.00000   0.00000   0.00000   0.00000   0.02125   0.00000   0.00000   0.00000   0.00000   0.00000   0.04313   0.00000   0.00000   0.00000   0.00000   0.00000   0.02125 
  366.54025  0.04169   0.00000   0.00000   0.00000  -0.00000   0.00000   0.04169   0.00000   0.00000   0.00000   0.00000   0.00000   0.02407   0.00000   0.00000   0.00000   0.00000   0.00000   0.04169   0.00000  -0.00000   0.00000   0.00000   0.00000   0.02407 
  366.60828  0.04037   0.00000   0.00000   0.00000  -0.00000   0.00000   0.04037   0.00000   0.00000   0.00000   0.00000   0.00000   0.02749   0.00000   0.00000   0.00000   0.00000   0.00000   0.04037   0.00000  -0.00000   0.00000   0.00000   0.00000   0.02749 
  366.67631  0.03916   0.00000   0.00000   0.00000  -0.00000   0.00000   0.03916   0.00000   0.00000   0.00000   0.00000   0.00000   0.03168   0.00000   0.00000   0.00000   0.00000   0.00000   0.03916   0.00000   0.00000   0.00000   0.00000   0.00000   0.03168 
  366.74434  0.03806   0.00000   0.00000   0.00000   0.00000   0.00000   0.03806   0.00000  -0.00000   0.00000   0.00000   0.00000   0.03688   0.00000   0.00000   0.00000  -0.00000   0.00000   0.03806   0.00000   0.00000   0.00000   0.00000   0.00000   0.03688 
  366.81237  0.03705   0.00000   0.00000   0.00000  -0.00000   0.00000   0.03705   0.00000  -0.00000   0.00000   0.00000   0.00000   0.04342   0.00000   0.00000   0.00000  -0.00000   0.00000   0.03705   0.00000  -0.00000   0.00000   0.00000   0.00000   0.04342 
  366.88040  0.03612   0.00000   0.00000   0.00000   0.00000   0.00000   0.03612   0.00000  -0.00000   0.00000   0.00000   0.00000   0.05181   0.00000   0.00000   0.00000  -0.00000   0.00000   0.03612   0.00000   0.00000   0.00000   0.00000   0.00000   0.05181 
  366.94843  0.03526   0.00000   0.00000   0.00000  -0.00000   0.00000   0.03526   0.00000  -0.00000   0.00000   0.00000   0.00000   0.06276   0.00000   0.00000   0.00000  -0.00000   0.00000   0.03526   0.00000  -0.00000   0.00000   0.00000   0.00000   0.06276 
  367.01645  0.03448   0.00000   0.00000   0.00000   0.00000   0.00000   0.03448   0.00000  -0.00000   0.00000   0.00000   0.00000   0.07735   0.00000   0.00000   0.00000  -0.00000   0.00000   0.03448   0.00000   0.00000   0.00000   0.00000   0.00000   0.07735 
  367.08448  0.03376   0.00000   0.00000   0.00000  -0.00000   0.00000   0.03376   0.00000  -0.00000   0.00000   0.00000   0.00000   0.09729   0.00000   0.00000   0.00000  -0.00000   0.00000   0.03376   0.00000   0.00000   0.00000   0.00000   0.00000   0.09729 
  367.15251  0.03309   0.00000   0.00000   0.00000   0.00000   0.00000   0.03309   0.00000  -0.00000   0.00000   0.00000   0.00000   0.12524   0.00000   0.00000   0.00000  -0.00000   0.00000   0.03309   0.00000   0.00000   0.00000   0.00000   0.00000   0.12524 
  367.22054  0.03248   0.00000   0.00000   0.00000  -0.00000   0.00000   0.03248   0.00000  -0.00000   0.00000   0.00000   0.00000   0.16553   0.00000   0.00000   0.00000  -0.00000   0.00000   0.03248   0.00000  -0.00000   0.00000   0.00000   0.00000   0.16553 
  367.28857  0.03192   0.00000   0.00000   0.00000   0.00000   0.00000   0.03192   0.00000  -0.00000   0.00000   0.00000   0.00000   0.22501   0.00000   0.00000   0.00000  -0.00000   0.00000   0.03192   0.00000   0.00000   0.00000   0.00000   0.00000   0.22501 
  367.35660  0.03141   0.00000   0.00000   0.00000   0.00000   0.00000   0.03141   0.00000   0.00000   0.00000   0.00000   0.00000   0.31366   0.00000   0.00000   0.00000   0.00000   0.00000   0.03141   0.00000   0.00000   0.00000   0.00000   0.00000   0.31367 
  367.42463  0.03093   0.00000   0.00000   0.00000  -0.00000   0.00000   0.03093   0.00000   0.00000   0.00000   0.00000   0.00000   0.44113   0.00000   0.00000   0.00000   0.00000   0.00000   0.03093   0.00000  -0.00000   0.00000   0.00000   0.00000   0.44115 
  367.49266  0.03050   0.00000   0.00000   0.00000   0.00000   0.00000   0.03050   0.00000  -0.00000   0.00000   0.00000   0.00000   0.59755   0.00000   0.00000   0.00000  -0.00000   0.00000   0.03050   0.00000   0.00000   0.00000   0.00000   0.00000   0.59756 
  367.56069  0.03011   0.00000   0.00000   0.00000  -0.00000   0.00000   0.03011   0.00000  -0.00000   0.00000   0.00000   0.00000   0.71405   0.00000   0.00000   0.00000  -0.00000   0.00000   0.03011   0.00000   0.00000   0.00000   0.00000   0.00000   0.71405 
  367.62872  0.02976   0.00000   0.00000   0.00000  -0.00000   0.00000   0.02976   0.00000   0.00000   0.00000   0.00000   0.00000   0.69471   0.00000   0.00000   0.00000   0.00000   0.00000   0.02976   0.00000  -0.00000   0.00000   0.00000   0.00000   0.69470 
  367.69674  0.02945   0.00000   0.00000   0.00000   0.00000   0.00000   0.02945   0.00000   0.00000   0.00000   0.00000   0.00000   0.56132   0.00000   0.00000   0.00000   0.00000   0.00000   0.02945   0.00000  -0.00000   0.00000   0.00000   0.00000   0.56131 
  367.76477  0.02917   0.00000   0.00000   0.00000   0.00000   0.00000   0.02917   0.00000  -0.00000   0.00000   0.00000   0.00000   0.41373   0.00000   0.00000   0.00000  -0.00000   0.00000   0.02917   0.00000  -0.00000   0.00000   0.00000   0.00000   0.41371 
  367.83280  0.02893   0.00000   0.00000   0.00000  -0.00000   0.00000   0.02893   0.00000  -0.00000   0.00000   0.00000   0.00000   0.29976   0.00000   0.00000   0.00000  -0.00000   0.00000   0.02893   0.00000   0.00000   0.00000   0.00000   0.00000   0.29976 
  367.90083  0.02872   0.00000   0.00000   0.00000  -0.00000   0.00000   0.02872   0.00000  -0.00000   0.00000   0.00000   0.00000   0.22088   0.00000   0.00000   0.00000  -0.00000   0.00000   0.02872   0.00000   0.00000   0.00000   0.00000   0.00000   0.22087 
  367.96886  0.02856   0.00000   0.00000   0.00000  -0.00000   0.00000   0.02856   0.00000  -0.00000   0.00000   0.00000   0.00000   0.16722   0.00000   0.00000   0.00000  -0.00000   0.00000   0.02856   0.00000  -0.00000   0.00000   0.00000   0.00000   0.16721 
  368.03689  0.02843   0.00000   0.00000   0.00000  -0.00000   0.00000   0.02843   0.00000   0.00000   0.00000   0.00000   0.00000   0.13016   0.00000   0.00000   0.00000   0.00000   0.00000   0.02843   0.00000   0.00000   0.00000   0.00000   0.00000   0.13016 
  368.10492  0.02835   0.00000   0.00000   0.00000  -0.00000   0.00000   0.02835   0.00000   0.00000   0.00000   0.00000   0.00000   0.10393   0.00000   0.00000   0.00000   0.00000   0.00000   0.02835   0.00000  -0.00000   0.00000   0.00000   0.00000   0.10392 
  368.17295  0.02832   0.00000   0.00000   0.00000   0.00000   0.00000   0.02832   0.00000   0.00000   0.00000   0.00000   0.00000   0.08484   0.00000   0.00000   0.00000   0.00000   0.00000   0.02832   0.00000   0.00000   0.00000   0.00000   0.00000   0.08484 
  368.24098  0.02833   0.00000   0.00000   0.00000  -0.00000   0.00000   0.02833   0.00000   0.00000   0.00000   0.00000   0.00000   0.07061   0.00000   0.00000   0.00000   0.00000   0.00000   0.02833   0.00000  -0.00000   0.00000   0.00000   0.00000   0.07061 
  368.30901  0.02840   0.00000   0.00000   0.00000   0.00000   0.00000   0.02840   0.00000   0.00000   0.00000   0.00000   0.00000   0.05975   0.00000   0.00000   0.00000   0.00000   0.00000   0.02840   0.00000   0.00000   0.00000   0.00000   0.00000   0.05975 
  368.37703  0.02854   0.00000   0.00000   0.00000   0.00000   0.00000   0.02854   0.00000  -0.00000   0.00000   0.00000   0.00000   0.05129   0.00000   0.00000   0.00000  -0.00000   0.00000   0.02854   0.00000  -0.00000   0.00000   0.00000   0.00000   0.05129 
  368.44506  0.02875   0.00000   0.00000   0.00000  -0.00000   0.00000   0.02875   0.00000  -0.00000   0.00000   0.00000   0.00000   0.04459   0.00000   0.00000   0.00000  -0.00000   0.00000   0.02875   0.00000  -0.00000   0.00000   0.00000   0.00000   0.04459 
  368.51309  0.02904   0.00000   0.00000   0.00000  -0.00000   0.00000   0.02904   0.00000  -0.00000   0.00000   0.00000   0.00000   0.03920   0.00000   0.00000   0.00000  -0.00000   0.00000   0.02904   0.00000  -0.00000   0.00000   0.00000   0.00000   0.03920 
  368.58112  0.02943   0.00000   0.00000   0.00000  -0.00000   0.00000   0.02943   0.00000   0.00000   0.00000   0.00000   0.00000   0.03480   0.00000   0.00000   0.00000   0.00000   0.00000   0.02943   0.00000   0.00000   0.00000   0.00000   0.00000   0.03480 
  368.64915  0.02993   0.00000   0.00000   0.00000  -0.00000   0.00000   0.02993   0.00000   0.00000   0.00000   0.00000   0.00000   0.03116   0.00000   0.00000   0.00000   0.00000   0.00000   0.02993   0.00000  -0.00000   0.00000   0.00000   0.00000   0.03116 
  368.71718  0.03057   0.00000   0.00000   0.00000  -0.00000   0.00000   0.03057   0.00000  -0.00000   0.00000   0.00000   0.00000   0.02813   0.00000   0.00000   0.00000  -0.00000   0.00000   0.03057   0.00000  -0.00000   0.00000   0.00000   0.00000   0.02813 
  368.78521  0.03136   0.00000   0.00000   0.00000   0.00000   0.00000   0.03136   0.00000   0.00000   0.00000   0.00000   0.00000   0.02557   0.00000   0.00000   0.00000   0.00000   0.00000   0.03136   0.00000   0.00000   0.00000   0.00000   0.00000   0.02557 
  368.85324  0.03236   0.00000   0.00000   0.00000  -0.00000   0.00000   0.03236   0.00000   0.00000   0.00000   0.00000   0.00000   0.02339   0.00000   0.00000   0.00000   0.00000   0.00000   0.03236   0.00000   0.00000   0.00000   0.00000   0.00000   0.02339 
  368.92127  0.03358   0.00000   0.00000   0.00000  -0.00000   0.00000   0.03358   0.00000  -0.00000   0.00000   0.00000   0.00000   0.02152   0.00000   0.00000   0.00000  -0.00000   0.00000   0.03358   0.00000   0.00000   0.00000   0.00000   0.00000   0.02152 
  368.98930  0.03509   0.00000   0.00000   0.00000   0.00000   0.00000   0.03509   0.00000   0.00000   0.00000   0.00000   0.00000   0.01991   0.00000   0.00000   0.00000   0.00000   0.00000   0.03509   0.00000  -0.00000   0.00000   0.00000   0.00000   0.01991 
  369.05732  0.03694   0.00000   0.00000   0.00000   0.00000   0.00000   0.03694   0.00000  -0.00000   0.00000   0.00000   0.00000   0.01852   0.00000   0.00000   0.00000  -0.00000   0.00000   0.03694   0.00000   0.00000   0.00000   0.00000   0.00000   0.01852 
  369.12535  0.03921   0.00000   0.00000   0.00000   0.00000   0.00000   0.03921   0.00000   0.00000   0.00000   0.00000   0.00000   0.01730   0.00000   0.00000   0.00000   0.00000   0.00000   0.03921   0.00000  -0.00000   0.00000   0.00000   0.00000   0.01730 
  369.19338  0.04199   0.00000   0.00000   0.00000  -0.00000   0.00000   0.04199   0.00000   0.00000   0.00000   0.00000   0.00000   0.01623   0.00000   0.00000   0.00000   0.00000   0.00000   0.04199   0.00000  -0.00000   0.00000   0.00000   0.00000   0.01623 
  369.26141  0.04537   0.00000   0.00000   0.00000  -0.00000   0.00000   0.04537   0.00000  -0.00000   0.00000   0.00000   0.00000   0.01529   0.00000   0.00000   0.00000  -0.00000   0.00000   0.04537   0.00000  -0.00000   0.00000   0.00000   0.00000   0.01529 
  369.32944  0.04946   0.00000   0.00000   0.00000   0.00000   0.00000   0.04946   0.00000  -0.00000   0.00000   0.00000   0.00000   0.01446   0.00000   0.00000   0.00000  -0.00000   0.00000   0.04946   0.00000  -0.00000   0.00000   0.00000   0.00000   0.01446 
  369.39747  0.05437   0.00000   0.00000   0.00000   0.00000   0.00000   0.05437   0.00000   0.00000   0.00000   0.00000   0.00000   0.01372   0.00000   0.00000   0.00000   0.00000   0.00000   0.05437   0.00000   0.00000   0.00000   0.00000   0.00000   0.01372 
  369.46550  0.06017   0.00000   0.00000   0.00000   0.00000   0.00000   0.06016   0.00000  -0.00000   0.00000   0.00000   0.00000   0.01307   0.00000   0.00000   0.00000  -0.00000   0.00000   0.06016   0.00000  -0.00000   0.00000   0.00000   0.00000   0.01307 
  369.53353  0.06685   0.00000   0.00000   0.00000   0.00000   0.00000   0.06685   0.00000  -0.00000   0.00000   0.00000   0.00000   0.01249   0.00000   0.00000   0.00000  -0.00000   0.00000   0.06685   0.00000   0.00000   0.00000   0.00000   0.00000   0.01249 
  369.60156  0.07430   0.00000   0.00000   0.00000   0.00000   0.00000   0.07430   0.00000   0.00000   0.00000   0.00000   0.00000   0.01197   0.00000   0.00000   0.00000   0.00000   0.00000   0.07430   0.00000   0.00000   0.00000   0.00000   0.00000   0.01197 
  369.66959  0.08218   0.00000   0.00000   0.00000   0.00000   0.00000   0.08218   0.00000   0.00000   0.00000   0.00000   0.00000   0.01151   0.00000   0.00000   0.00000   0.00000   0.00000   0.08218   0.00000   0.00000   0.00000   0.00000   0.00000   0.01151 
  369.73761  0.08994   0.00000   0.00000   0.00000  -0.00000   0.00000   0.08994   0.00000  -0.00000   0.00000   0.00000   0.00000   0.01110   0.00000   0.00000   0.00000  -0.00000   0.00000   0.08994   0.00000   0.00000   0.00000   0.00000   0.00000   0.01110 
  369.80564  0.09684   0.00000   0.00000   0.00000   0.00000   0.00000   0.09683   0.00000  -0.00000   0.00000   0.00000   0.00000   0.01073   0.00000   0.00000   0.00000  -0.00000   0.00000   0.09683   0.00000  -0.00000   0.00000   0.00000   0.00000   0.01073 
  369.87367  0.10205   0.00000   0.00000   0.00000  -0.00000   0.00000   0.10205   0.00000   0.00000   0.00000   0.00000   0.00000   0.01041   0.00000   0.00000   0.00000   0.00000   0.00000   0.10205   0.00000   0.00000   0.00000   0.00000   0.00000   0.01041 
  369.94170  0.10499   0.00000   0.00000   0.00000  -0.00000   0.00000   0.10499   0.00000   0.00000   0.00000   0.00000   0.00000   0.01013   0.00000   0.00000   0.00000   0.00000   0.00000   0.10499   0.00000   0.00000   0.00000   0.00000   0.00000   0.01013 
  370.00973  0.10545   0.00000   0.00000   0.00000  -0.00000   0.00000   0.10545   0.00000   0.00000   0.00000   0.00000   0.00000   0.00988   0.00000   0.00000   0.00000   0.00000   0.00000   0.10545   0.00000  -0.00000   0.00000   0.00000   0.00000   0.00988 
  370.07776  0.10366   0.00000   0.00000   0.00000   0.00000   0.00000   0.10366   0.00000  -0.00000   0.00000   0.00000   0.00000   0.00966   0.00000   0.00000   0.00000  -0.00000   0.00000   0.10366   0.00000   0.00000   0.00000   0.00000   0.00000   0.00966 
  370.14579  0.10015   0.00000   0.00000   0.00000   0.00000   0.00000   0.10015   0.00000   0.00000   0.00000   0.00000   0.00000   0.00948   0.00000   0.00000   0.00000   0.00000   0.00000   0.10015   0.00000   0.00000   0.00000   0.00000   0.00000   0.00948 
  370.21382  0.09555   0.00000   0.00000   0.00000   0.00000   0.00000   0.09555   0.00000  -0.00000   0.00000   0.00000   0.00000   0.00932   0.00000   0.00000   0.00000  -0.00000   0.00000   0.09555   0.00000   0.00000   0.00000   0.00000   0.00000   0.00932 
  370.28185  0.09043   0.00000   0.00000   0.00000   0.00000   0.00000   0.09043   0.00000  -0.00000   0.00000   0.00000   0.00000   0.00919   0.00000   0.00000   0.00000  -0.00000   0.00000   0.09043   0.00000  -0.00000   0.00000   0.00000   0.00000   0.00919 
  370.34988  0.08523   0.00000   0.00000   0.00000  -0.00000   0.00000   0.08523   0.00000   0.00000   0.00000   0.00000   0.00000   0.00910   0.00000   0.00000   0.00000   0.00000   0.00000   0.08523   0.00000  -0.00000   0.00000   0.00000   0.00000   0.00910 
  370.41790  0.08021   0.00000   0.00000   0.00000  -0.00000   0.00000   0.08021   0.00000   0.00000   0.00000   0.00000   0.00000   0.00903   0.00000   0.00000   0.00000   0.00000   0.00000   0.08021   0.00000  -0.00000   0.00000   0.00000   0.00000   0.00903 
  370.48593  0.07554   0.00000   0.00000   0.00000   0.00000   0.00000   0.07554   0.00000  -0.00000   0.00000   0.00000   0.00000   0.00898   0.00000   0.00000   0.00000  -0.00000   0.00000   0.07554   0.00000   0.00000   0.00000   0.00000   0.00000   0.00898 
  370.55396  0.07127   0.00000   0.00000   0.00000   0.00000   0.00000   0.07127   0.00000  -0.00000   0.00000   0.00000   0.00000   0.00897   0.00000   0.00000   0.00000  -0.00000   0.00000   0.07127   0.00000   0.00000   0.00000   0.00000   0.00000   0.00897 
  370.62199  0.06742   0.00000   0.00000   0.00000   0.00000   0.00000   0.06742   0.00000  -0.00000   0.00000   0.00000   0.00000   0.00898   0.00000   0.00000   0.00000  -0.00000   0.00000   0.06742   0.00000   0.00000   0.00000   0.00000   0.00000   0.00898 
  370.69002  0.06398   0.00000   0.00000   0.00000  -0.00000   0.00000   0.06398   0.00000  -0.00000   0.00000   0.00000   0.00000   0.00903   0.00000   0.00000   0.00000  -0.00000   0.00000   0.06398   0.00000   0.00000   0.00000   0.00000   0.00000   0.00903 
  370.75805  0.06091   0.00000   0.00000   0.00000  -0.00000   0.00000   0.06091   0.00000  -0.00000   0.00000   0.00000   0.00000   0.00911   0.00000   0.00000   0.00000  -0.00000   0.00000   0.06091   0.00000  -0.00000   0.00000   0.00000   0.00000   0.00911 
  370.82608  0.05818   0.00000   0.00000   0.00000  -0.00000   0.00000   0.05818   0.00000  -0.00000   0.00000   0.00000   0.00000   0.00923   0.00000   0.00000   0.00000  -0.00000   0.00000   0.05818   0.00000  -0.00000   0.00000   0.00000   0.00000   0.00923 
  370.89411  0.05575   0.00000   0.00000   0.00000  -0.00000   0.00000   0.05575   0.00000  -0.00000   0.00000   0.00000   0.00000   0.00938   0.00000   0.00000   0.00000  -0.00000   0.00000   0.05575   0.00000  -0.00000   0.00000   0.00000   0.00000   0.00938 
  370.96214  0.05358   0.00000   0.00000   0.00000   0.00000   0.00000   0.05358   0.00000   0.00000   0.00000   0.00000   0.00000   0.00958   0.00000   0.00000   0.00000   0.00000   0.00000   0.05358   0.00000  -0.00000   0.00000   0.00000   0.00000   0.00958 
  371.03017  0.05164   0.00000   0.00000   0.00000  -0.00000   0.00000   0.05164   0.00000   0.00000   0.00000   0.00000   0.00000   0.00983   0.00000   0.00000   0.00000   0.00000   0.00000   0.05164   0.00000  -0.00000   0.00000   0.00000   0.00000   0.00983 
  371.09819  0.04990   0.00000   0.00000   0.00000  -0.00000   0.00000   0.04990   0.00000  -0.00000   0.00000   0.00000   0.00000   0.01013   0.00000   0.00000   0.00000  -0.00000   0.00000   0.04990   0.00000   0.00000   0.00000   0.00000   0.00000   0.01013 
  371.16622  0.04834   0.00000   0.00000   0.00000  -0.00000   0.00000   0.04834   0.00000  -0.00000   0.00000   0.00000   0.00000   0.01049   0.00000   0.00000   0.00000  -0.00000   0.00000   0.04834   0.00000  -0.00000   0.00000   0.00000   0.00000   0.01049 
  371.23425  0.04693   0.00000   0.00000   0.00000  -0.00000   0.00000   0.04693   0.00000  -0.00000   0.00000   0.00000   0.00000   0.01094   0.00000   0.00000   0.00000  -0.00000   0.00000   0.04693   0.00000  -0.00000   0.00000   0.00000   0.00000   0.01094 
  371.30228  0.04565   0.00000   0.00000   0.00000  -0.00000   0.00000   0.04565   0.00000  -0.00000   0.00000   0.00000   0.00000   0.01146   0.00000   0.00000   0.00000  -0.00000   0.00000   0.04565   0.00000  -0.00000   0.00000   0.00000   0.00000   0.01146 
  371.37031  0.04449   0.00000   0.00000   0.00000  -0.00000   0.00000   0.04449   0.00000  -0.00000   0.00000   0.00000   0.00000   0.01210   0.00000   0.00000   0.00000  -0.00000   0.00000   0.04449   0.00000   0.00000   0.00000   0.00000   0.00000   0.01210 
  371.43834  0.04343   0.00000   0.00000   0.00000   0.00000   0.00000   0.04343   0.00000  -0.00000   0.00000   0.00000   0.00000   0.01285   0.00000   0.00000   0.00000   0.00000   0.00000   0.04343   0.00000   0.00000   0.00000   0.00000   0.00000   0.01285 
  371.50637  0.04246   0.00000   0.00000   0.00000   0.00000   0.00000   0.04246   0.00000   0.00000   0.00000   0.00000   0.00000   0.01377   0.00000   0.00000   0.00000   0.00000   0.00000   0.04246   0.00000   0.00000   0.00000   0.00000   0.00000   0.01377 
  371.57440  0.04158   0.00000   0.00000   0.00000  -0.00000   0.00000   0.04158   0.00000   0.00000   0.00000   0.00000   0.00000   0.01487   0.00000   0.00000   0.00000   0.00000   0.00000   0.04158   0.00000  -0.00000   0.00000   0.00000   0.00000   0.01487 
  371.64243  0.04076   0.00000   0.00000   0.00000  -0.00000   0.00000   0.04076   0.00000   0.00000   0.00000   0.00000   0.00000   0.01621   0.00000   0.00000   0.00000   0.00000   0.00000   0.04076   0.00000  -0.00000   0.00000   0.00000   0.00000   0.01621 
  371.71046  0.04000   0.00000   0.00000   0.00000   0.00000   0.00000   0.04000   0.00000   0.00000   0.00000   0.00000   0.00000   0.01785   0.00000   0.00000   0.00000   0.00000   0.00000   0.04000   0.00000   0.00000   0.00000   0.00000   0.00000   0.01785 
  371.77848  0.03930   0.00000   0.00000   0.00000   0.00000   0.00000   0.03930   0.00000   0.00000   0.00000   0.00000   0.00000   0.01988   0.00000   0.00000   0.00000   0.00000   0.00000   0.03930   0.00000  -0.00000   0.00000   0.00000   0.00000   0.01988 
  371.84651  0.03865   0.00000   0.00000   0.00000  -0.00000   0.00000   0.03865   0.00000   0.00000   0.00000   0.00000   0.00000   0.02241   0.00000   0.00000   0.00000   0.00000   0.00000   0.03865   0.00000   0.00000   0.00000   0.00000   0.00000   0.02241 
  371.91454  0.03805   0.00000   0.00000   0.00000  -0.00000   0.00000   0.03805   0.00000  -0.00000   0.00000   0.00000   0.00000   0.02563   0.00000   0.00000   0.00000  -0.00000   0.00000   0.03805   0.00000  -0.00000   0.00000   0.00000   0.00000   0.02563 
  371.98257  0.03748   0.00000   0.00000   0.00000  -0.00000   0.00000   0.03748   0.00000  -0.00000   0.00000   0.00000   0.00000   0.02976   0.00000   0.00000   0.00000  -0.00000   0.00000   0.03748   0.00000  -0.00000   0.00000   0.00000   0.00000   0.02976 
  372.05060  0.03695   0.00000   0.00000   0.00000  -0.00000   0.00000   0.03695   0.00000  -0.00000   0.00000   0.00000   0.00000   0.03518   0.00000   0.00000   0.00000  -0.00000   0.00000   0.03695   0.00000  -0.00000   0.00000   0.00000   0.00000   0.03518 
  372.11863  0.03646   0.00000   0.00000   0.00000   0.00000   0.00000   0.03646   0.00000  -0.00000   0.00000   0.00000   0.00000   0.04242   0.00000   0.00000   0.00000  -0.00000   0.00000   0.03646   0.00000   0.00000   0.00000   0.00000   0.00000   0.04243 
  372.18666  0.03599   0.00000   0.00000   0.00000   0.00000   0.00000   0.03599   0.00000  -0.00000   0.00000   0.00000   0.00000   0.05234   0.00000   0.00000   0.00000  -0.00000   0.00000   0.03599   0.00000   0.00000   0.00000   0.00000   0.00000   0.05234 
  372.25469  0.03555   0.00000   0.00000   0.00000   0.00000   0.00000   0.03555   0.00000   0.00000   0.00000   0.00000   0.00000   0.06627   0.00000   0.00000   0.00000   0.00000   0.00000   0.03555   0.00000   0.00000   0.00000   0.00000   0.00000   0.06627 
  372.32272  0.03513   0.00000   0.00000   0.00000  -0.00000   0.00000   0.03513   0.00000  -0.00000   0.00000   0.00000   0.00000   0.08637   0.00000   0.00000   0.00000  -0.00000   0.00000   0.03513   0.00000  -0.00000   0.00000   0.00000   0.00000   0.08637 
  372.39075  0.03474   0.00000   0.00000   0.00000  -0.00000   0.00000   0.03474   0.00000   0.00000   0.00000   0.00000   0.00000   0.11606   0.00000   0.00000   0.00000   0.00000   0.00000   0.03474   0.00000  -0.00000   0.00000   0.00000   0.00000   0.11607 
  372.45877  0.03436   0.00000   0.00000   0.00000  -0.00000   0.00000   0.03436   0.00000  -0.00000   0.00000   0.00000   0.00000   0.16035   0.00000   0.00000   0.00000  -0.00000   0.00000   0.03436   0.00000  -0.00000   0.00000   0.00000   0.00000   0.16035 
  372.52680  0.03401   0.00000   0.00000   0.00000   0.00000   0.00000   0.03401   0.00000   0.00000   0.00000   0.00000   0.00000   0.22404   0.00000   0.00000   0.00000   0.00000   0.00000   0.03401   0.00000  -0.00000   0.00000   0.00000   0.00000   0.22405 
  372.59483  0.03367   0.00000   0.00000   0.00000  -0.00000   0.00000   0.03367   0.00000   0.00000   0.00000   0.00000   0.00000   0.30221   0.00000   0.00000   0.00000   0.00000   0.00000   0.03367   0.00000   0.00000   0.00000   0.00000   0.00000   0.30222 
  372.66286  0.03334   0.00000   0.00000   0.00000  -0.00000   0.00000   0.03334   0.00000  -0.00000   0.00000   0.00000   0.00000   0.36042   0.00000   0.00000   0.00000  -0.00000   0.00000   0.03334   0.00000   0.00000   0.00000   0.00000   0.00000   0.36042 
  372.73089  0.03303   0.00000   0.00000   0.00000  -0.00000   0.00000   0.03303   0.00000  -0.00000   0.00000   0.00000   0.00000   0.35072   0.00000   0.00000   0.00000  -0.00000   0.00000   0.03303   0.00000   0.00000   0.00000   0.00000   0.00000   0.35071 
  372.79892  0.03273   0.00000   0.00000   0.00000   0.00000   0.00000   0.03273   0.00000  -0.00000   0.00000   0.00000   0.00000   0.28399   0.00000   0.00000   0.00000  -0.00000   0.00000   0.03273   0.00000   0.00000   0.00000   0.00000   0.00000   0.28398 
  372.86695  0.03245   0.00000   0.00000   0.00000  -0.00000   0.00000   0.03245   0.00000  -0.00000   0.00000   0.00000   0.00000   0.21015   0.00000   0.00000   0.00000  -0.00000   0.00000   0.03245   0.00000  -0.00000   0.00000   0.00000   0.00000   0.21015 
  372.93498  0.03217   0.00000   0.00000   0.00000   0.00000   0.00000   0.03217   0.00000   0.00000   0.00000   0.00000   0.00000   0.15314   0.00000   0.00000   0.00000   0.00000   0.00000   0.03217   0.00000  -0.00000   0.00000   0.00000   0.00000   0.15313 
  373.00301  0.03191   0.00000   0.00000   0.00000  -0.00000   0.00000   0.03190   0.00000  -0.00000   0.00000   0.00000   0.00000   0.11366   0.00000   0.00000   0.00000  -0.00000   0.00000   0.03190   0.00000  -0.00000   0.00000   0.00000   0.00000   0.11366 
  373.07104  0.03165   0.00000   0.00000   0.00000   0.00000   0.00000   0.03165   0.00000   0.00000   0.00000   0.00000   0.00000   0.08680   0.00000   0.00000   0.00000   0.00000   0.00000   0.03165   0.00000   0.00000   0.00000   0.00000   0.00000   0.08680 
  373.13906  0.03140   0.00000   0.00000   0.00000  -0.00000   0.00000   0.03140   0.00000   0.00000   0.00000   0.00000   0.00000   0.06824   0.00000   0.00000   0.00000   0.00000   0.00000   0.03140   0.00000  -0.00000   0.00000   0.00000   0.00000   0.06824 
  373.20709  0.03116   0.00000   0.00000   0.00000   0.00000   0.00000   0.03116   0.00000  -0.00000   0.00000   0.00000   0.00000   0.05509   0.00000   0.00000   0.00000  -0.00000   0.00000   0.03116   0.00000   0.00000   0.00000   0.00000   0.00000   0.05509 
  373.27512  0.03093   0.00000   0.00000   0.00000  -0.00000   0.00000   0.03093   0.00000  -0.00000   0.00000   0.00000   0.00000   0.04552   0.00000   0.00000   0.00000  -0.00000   0.00000   0.03093   0.00000  -0.00000   0.00000   0.00000   0.00000   0.04552 
  373.34315  0.03070   0.00000   0.00000   0.00000   0.00000   0.00000   0.03070   0.00000  -0.00000   0.00000   0.00000   0.00000   0.03838   0.00000   0.00000   0.00000  -0.00000   0.00000   0.03070   0.00000   0.00000   0.00000   0.00000   0.00000   0.03838 
  373.41118  0.03048   0.00000   0.00000   0.00000   0.00000   0.00000   0.03048   0.00000  -0.00000   0.00000   0.00000   0.00000   0.03292   0.00000   0.00000   0.00000  -0.00000   0.00000   0.03048   0.00000   0.00000   0.00000   0.00000   0.00000   0.03292 
  373.47921  0.03027   0.00000   0.00000   0.00000   0.00000   0.00000   0.03027   0.00000  -0.00000   0.00000   0.00000   0.00000   0.02866   0.00000   0.00000   0.00000  -0.00000   0.00000   0.03027   0.00000  -0.00000   0.00000   0.00000   0.00000   0.02866 
  373.54724  0.03006   0.00000   0.00000   0.00000   0.00000   0.00000   0.03006   0.00000  -0.00000   0.00000   0.00000   0.00000   0.02528   0.00000   0.00000   0.00000  -0.00000   0.00000   0.03006   0.00000   0.00000   0.00000   0.00000   0.00000   0.02528 
  373.61527  0.02986   0.00000   0.00000   0.00000  -0.00000   0.00000   0.02986   0.00000  -0.00000   0.00000   0.00000   0.00000   0.02256   0.00000   0.00000   0.00000  -0.00000   0.00000   0.02986   0.00000   0.00000   0.00000   0.00000   0.00000   0.02256 
  373.68330  0.02966   0.00000   0.00000   0.00000  -0.00000   0.00000   0.02966   0.00000  -0.00000   0.00000   0.00000   0.00000   0.02033   0.00000   0.00000   0.00000  -0.00000   0.00000   0.02966   0.00000  -0.00000   0.00000   0.00000   0.00000   0.02033 
  373.75133  0.02947   0.00000   0.00000   0.00000  -0.00000   0.00000   0.02947   0.00000  -0.00000   0.00000   0.00000   0.00000   0.01849   0.00000   0.00000   0.00000  -0.00000   0.00000   0.02947   0.00000  -0.00000   0.00000   0.00000   0.00000   0.01849 
  373.81935  0.02928   0.00000   0.00000   0.00000  -0.00000   0.00000   0.02928   0.00000  -0.00000   0.00000   0.00000   0.00000   0.01694   0.00000   0.00000   0.00000  -0.00000   0.00000   0.02928   0.00000  -0.00000   0.00000   0.00000   0.00000   0.01694 
  373.88738  0.02909   0.00000   0.00000   0.00000  -0.00000   0.00000   0.02909   0.00000  -0.00000   0.00000   0.00000   0.00000   0.01564   0.00000   0.00000   0.00000  -0.00000   0.00000   0.02909   0.00000  -0.00000   0.00000   0.00000   0.00000   0.01564 
  373.95541  0.02891   0.00000   0.00000   0.00000  -0.00000   0.00000   0.02891   0.00000  -0.00000   0.00000   0.00000   0.00000   0.01452   0.00000   0.00000   0.00000  -0.00000   0.00000   0.02891   0.00000  -0.00000   0.00000   0.00000   0.00000   0.01452 
  374.02344  0.02873   0.00000   0.00000   0.00000   0.00000   0.00000   0.02873   0.00000  -0.00000   0.00000   0.00000   0.00000   0.01356   0.00000   0.00000   0.00000  -0.00000   0.00000   0.02873   0.00000   0.00000   0.00000   0.00000   0.00000   0.01356 
  374.09147  0.02855   0.00000   0.00000   0.00000  -0.00000   0.00000   0.02855   0.00000  -0.00000   0.00000   0.00000   0.00000   0.01273   0.00000   0.00000   0.00000  -0.00000   0.00000   0.02855   0.00000  -0.00000   0.00000   0.00000   0.00000   0.01273 
  374.15950  0.02838   0.00000   0.00000   0.00000   0.00000   0.00000   0.02838   0.00000   0.00000   0.00000   0.00000   0.00000   0.01200   0.00000   0.00000   0.00000   0.00000   0.00000   0.02838   0.00000   0.00000   0.00000   0.00000   0.00000   0.01200 
  374.22753  0.02821   0.00000   0.00000   0.00000   0.00000   0.00000   0.02821   0.00000   0.00000   0.00000   0.00000   0.00000   0.01136   0.00000   0.00000   0.00000   0.00000   0.00000   0.02821   0.00000  -0.00000   0.00000   0.00000   0.00000   0.01136 
  374.29556  0.02804   0.00000   0.00000   0.00000   0.00000   0.00000   0.02804   0.00000   0.00000   0.00000   0.00000   0.00000   0.01080   0.00000   0.00000   0.00000   0.00000   0.00000   0.02804   0.00000   0.00000   0.00000   0.00000   0.00000   0.01080 
  374.36359  0.02788   0.00000   0.00000   0.00000  -0.00000   0.00000   0.02788   0.00000   0.00000   0.00000   0.00000   0.00000   0.01030   0.00000   0.00000   0.00000   0.00000   0.00000   0.02788   0.00000  -0.00000   0.00000   0.00000   0.00000   0.01030 
  374.43162  0.02771   0.00000   0.00000   0.00000  -0.00000   0.00000   0.02771   0.00000   0.00000   0.00000   0.00000   0.00000   0.00986   0.00000   0.00000   0.00000   0.00000   0.00000   0.02771   0.00000  -0.00000   0.00000   0.00000   0.00000   0.00986 
  374.49964  0.02755   0.00000   0.00000   0.00000  -0.00000   0.00000   0.02755   0.00000   0.00000   0.00000   0.00000   0.00000   0.00946   0.00000   0.00000   0.00000   0.00000   0.00000   0.02755   0.00000  -0.00000   0.00000   0.00000   0.00000   0.00946 
  374.56767  0.02739   0.00000   0.00000   0.00000  -0.00000   0.00000   0.02739   0.00000   0.00000   0.00000   0.00000   0.00000   0.00910   0.00000   0.00000   0.00000   0.00000   0.00000   0.02739   0.00000  -0.00000   0.00000   0.00000   0.00000   0.00910 
  374.63570  0.02723   0.00000   0.00000   0.00000   0.00000   0.00000   0.02723   0.00000   0.00000   0.00000   0.00000   0.00000   0.00878   0.00000   0.00000   0.00000   0.00000   0.00000   0.02723   0.00000  -0.00000   0.00000   0.00000   0.00000   0.00878 
  374.70373  0.02708   0.00000   0.00000   0.00000  -0.00000   0.00000   0.02708   0.00000   0.00000   0.00000   0.00000   0.00000   0.00848   0.00000   0.00000   0.00000   0.00000   0.00000   0.02708   0.00000  -0.00000   0.00000   0.00000   0.00000   0.00848 
  374.77176  0.02692   0.00000   0.00000   0.00000   0.00000   0.00000   0.02692   0.00000   0.00000   0.00000   0.00000   0.00000   0.00822   0.00000   0.00000   0.00000   0.00000   0.00000   0.02692   0.00000   0.00000   0.00000   0.00000   0.00000   0.00822 
  374.83979  0.02677   0.00000   0.00000   0.00000  -0.00000   0.00000   0.02677   0.00000   0.00000   0.00000   0.00000   0.00000   0.00797   0.00000   0.00000   0.00000   0.00000   0.00000   0.02677   0.00000  -0.00000   0.00000   0.00000   0.00000   0.00797 
  374.90782  0.02662   0.00000   0.00000   0.00000  -0.00000   0.00000   0.02662   0.00000   0.00000   0.00000   0.00000   0.00000   0.00775   0.00000   0.00000   0.00000   0.00000   0.00000   0.02662   0.00000  -0.00000   0.00000   0.00000   0.00000   0.00775 
  374.97585  0.02647   0.00000   0.00000   0.00000  -0.00000   0.00000   0.02647   0.00000   0.00000   0.00000   0.00000   0.00000   0.00755   0.00000   0.00000   0.00000   0.00000   0.00000   0.02647   0.00000  -0.00000   0.00000   0.00000   0.00000   0.00755 
  375.04388  0.02632   0.00000   0.00000   0.00000  -0.00000   0.00000   0.02632   0.00000   0.00000   0.00000   0.00000   0.00000   0.00736   0.00000   0.00000   0.00000   0.00000   0.00000   0.02632   0.00000  -0.00000   0.00000   0.00000   0.00000   0.00736 
  375.11191  0.02617   0.00000   0.00000   0.00000  -0.00000   0.00000   0.02617   0.00000   0.00000   0.00000   0.00000   0.00000   0.00719   0.00000   0.00000   0.00000   0.00000   0.00000   0.02617   0.00000  -0.00000   0.00000   0.00000   0.00000   0.00719 
  375.17993  0.02602   0.00000   0.00000   0.00000  -0.00000   0.00000   0.02602   0.00000   0.00000   0.00000   0.00000   0.00000   0.00703   0.00000   0.00000   0.00000   0.00000   0.00000   0.02602   0.00000  -0.00000   0.00000   0.00000   0.00000   0.00703 
  375.24796  0.02588   0.00000   0.00000   0.00000  -0.00000   0.00000   0.02588   0.00000  -0.00000   0.00000   0.00000   0.00000   0.00689   0.00000   0.00000   0.00000  -0.00000   0.00000   0.02588   0.00000  -0.00000   0.00000   0.00000   0.00000   0.00689 
  375.31599  0.02573   0.00000   0.00000   0.00000   0.00000   0.00000   0.02573   0.00000   0.00000   0.00000   0.00000   0.00000   0.00675   0.00000   0.00000   0.00000   0.00000   0.00000   0.02573   0.00000   0.00000   0.00000   0.00000   0.00000   0.00675 
  375.38402  0.02559   0.00000   0.00000   0.00000  -0.00000   0.00000   0.02559   0.00000   0.00000   0.00000   0.00000   0.00000   0.00663   0.00000   0.00000   0.00000   0.00000   0.00000   0.02559   0.00000  -0.00000   0.00000   0.00000   0.00000   0.00663 
  375.45205  0.02545   0.00000   0.00000   0.00000  -0.00000   0.00000   0.02545   0.00000   0.00000   0.00000   0.00000   0.00000   0.00651   0.00000   0.00000   0.00000   0.00000   0.00000   0.02545   0.00000  -0.00000   0.00000   0.00000   0.00000   0.00651 
  375.52008  0.02530   0.00000   0.00000   0.00000   0.00000   0.00000   0.02530   0.00000  -0.00000   0.00000   0.00000   0.00000   0.00640   0.00000   0.00000   0.00000  -0.00000   0.00000   0.02530   0.00000   0.00000   0.00000   0.00000   0.00000   0.00640 
  375.58811  0.02516   0.00000   0.00000   0.00000  -0.00000   0.00000   0.02516   0.00000  -0.00000   0.00000   0.00000   0.00000   0.00630   0.00000   0.00000   0.00000  -0.00000   0.00000   0.02516   0.00000  -0.00000   0.00000   0.00000   0.00000   0.00630 
  375.65614  0.02502   0.00000   0.00000   0.00000  -0.00000   0.00000   0.02502   0.00000  -0.00000   0.00000   0.00000   0.00000   0.00621   0.00000   0.00000   0.00000  -0.00000   0.00000   0.02502   0.00000   0.00000   0.00000   0.00000   0.00000   0.00621 
  375.72417  0.02488   0.00000   0.00000   0.00000   0.00000   0.00000   0.02488   0.00000  -0.00000   0.00000   0.00000   0.00000   0.00612   0.00000   0.00000   0.00000  -0.00000   0.00000   0.02488   0.00000  -0.00000   0.00000   0.00000   0.00000   0.00612 
  375.79220  0.02474   0.00000   0.00000   0.00000   0.00000   0.00000   0.02474   0.00000  -0.00000   0.00000   0.00000   0.00000   0.00604   0.00000   0.00000   0.00000  -0.00000   0.00000   0.02474   0.00000   0.00000   0.00000   0.00000   0.00000   0.00604 
  375.86022  0.02460   0.00000   0.00000   0.00000  -0.00000   0.00000   0.02460   0.00000  -0.00000   0.00000   0.00000   0.00000   0.00596   0.00000   0.00000   0.00000  -0.00000   0.00000   0.02460   0.00000  -0.00000   0.00000   0.00000   0.00000   0.00596 
  375.92825  0.02446   0.00000   0.00000   0.00000   0.00000   0.00000   0.02446   0.00000  -0.00000   0.00000   0.00000   0.00000   0.00589   0.00000   0.00000   0.00000  -0.00000   0.00000   0.02446   0.00000   0.00000   0.00000   0.00000   0.00000   0.00589 
  375.99628  0.02432   0.00000   0.00000   0.00000  -0.00000   0.00000   0.02432   0.00000  -0.00000   0.00000   0.00000   0.00000   0.00582   0.00000   0.00000   0.00000  -0.00000   0.00000   0.02432   0.00000  -0.00000   0.00000   0.00000   0.00000   0.00582 
  376.06431  0.02419   0.00000   0.00000   0.00000  -0.00000   0.00000   0.02419   0.00000  -0.00000   0.00000   0.00000   0.00000   0.00576   0.00000   0.00000   0.00000  -0.00000   0.00000   0.02419   0.00000  -0.00000   0.00000   0.00000   0.00000   0.00576 
  376.13234  0.02405   0.00000   0.00000   0.00000   0.00000   0.00000   0.02405   0.00000  -0.00000   0.00000   0.00000   0.00000   0.00570   0.00000   0.00000   0.00000  -0.00000   0.00000   0.02405   0.00000  -0.00000   0.00000   0.00000   0.00000   0.00570 
  376.20037  0.02391   0.00000   0.00000   0.00000  -0.00000   0.00000   0.02391   0.00000  -0.00000   0.00000   0.00000   0.00000   0.00565   0.00000   0.00000   0.00000  -0.00000   0.00000   0.02391   0.00000  -0.00000   0.00000   0.00000   0.00000   0.00565 
  376.26840  0.02378   0.00000   0.00000   0.00000  -0.00000   0.00000   0.02378   0.00000  -0.00000   0.00000   0.00000   0.00000   0.00559   0.00000   0.00000   0.00000  -0.00000   0.00000   0.02378   0.00000  -0.00000   0.00000   0.00000   0.00000   0.00559 
  376.33643  0.02364   0.00000   0.00000   0.00000   0.00000   0.00000   0.02364   0.00000  -0.00000   0.00000   0.00000   0.00000   0.00555   0.00000   0.00000   0.00000  -0.00000   0.00000   0.02364   0.00000  -0.00000   0.00000   0.00000   0.00000   0.00555 
  376.40446  0.02350   0.00000   0.00000   0.00000   0.00000   0.00000   0.02350   0.00000  -0.00000   0.00000   0.00000   0.00000   0.00550   0.00000   0.00000   0.00000  -0.00000   0.00000   0.02350   0.00000  -0.00000   0.00000   0.00000   0.00000   0.00550 
  376.47249  0.02337   0.00000   0.00000   0.00000  -0.00000   0.00000   0.02337   0.00000  -0.00000   0.00000   0.00000   0.00000   0.00546   0.00000   0.00000   0.00000  -0.00000   0.00000   0.02337   0.00000   0.00000   0.00000   0.00000   0.00000   0.00546 
  376.54051  0.02324   0.00000   0.00000   0.00000  -0.00000   0.00000   0.02324   0.00000  -0.00000   0.00000   0.00000   0.00000   0.00542   0.00000   0.00000   0.00000  -0.00000   0.00000   0.02324   0.00000  -0.00000   0.00000   0.00000   0.00000   0.00542 
  376.60854  0.02310   0.00000   0.00000   0.00000  -0.00000   0.00000   0.02310   0.00000  -0.00000   0.00000   0.00000   0.00000   0.00538   0.00000   0.00000   0.00000  -0.00000   0.00000   0.02310   0.00000   0.00000   0.00000   0.00000   0.00000   0.00538 
  376.67657  0.02297   0.00000   0.00000   0.00000  -0.00000   0.00000   0.02297   0.00000  -0.00000   0.00000   0.00000   0.00000   0.00534   0.00000   0.00000   0.00000  -0.00000   0.00000   0.02297   0.00000  -0.00000   0.00000   0.00000   0.00000   0.00534 
  376.74460  0.02283   0.00000   0.00000   0.00000   0.00000   0.00000   0.02283   0.00000  -0.00000   0.00000   0.00000   0.00000   0.00531   0.00000   0.00000   0.00000  -0.00000   0.00000   0.02283   0.00000   0.00000   0.00000   0.00000   0.00000   0.00531 
  376.81263  0.02270   0.00000   0.00000   0.00000  -0.00000   0.00000   0.02270   0.00000   0.00000   0.00000   0.00000   0.00000   0.00527   0.00000   0.00000   0.00000   0.00000   0.00000   0.02270   0.00000  -0.00000   0.00000   0.00000   0.00000   0.00527 
  376.88066  0.02257   0.00000   0.00000   0.00000  -0.00000   0.00000   0.02257   0.00000  -0.00000   0.00000   0.00000   0.00000   0.00524   0.00000   0.00000   0.00000  -0.00000   0.00000   0.02257   0.00000   0.00000   0.00000   0.00000   0.00000   0.00524 
