//
//
//
'Ca'  2   1   1.
   iz   nr  nsp    a  rws
   20  327    1    0.030000    3.257964
 isp  ecore  nre, then g_i g_{nr+i},gfac_i
    1      -0.267313190479E+02       327
 0.000000000000E+00  0.000000000000E+00  0.000000000000E+00
 0.338066791044E-07  0.168142893778E-06  0.929494187741E+02
 0.114782304663E-06  0.570888042593E-06  0.910078465459E+02
 0.237231822051E-06  0.117991018676E-05  0.890707825461E+02
 0.401204503898E-06  0.197041277621E-05  0.871394205508E+02
 0.608521930901E-06  0.291851347779E-05  0.852149542162E+02
 0.858054317820E-06  0.406837523284E-05  0.832985733159E+02
 0.115255396765E-05  0.540430311197E-05  0.813914614958E+02
 0.149394500323E-05  0.693323073248E-05  0.794947931274E+02
 0.188470701122E-05  0.865855346710E-05  0.776097305208E+02
 0.232754347988E-05  0.105852950410E-04  0.757374211173E+02
 0.282542200254E-05  0.127190413215E-04  0.738789947200E+02
 0.338156435915E-05  0.150659450806E-04  0.720355607695E+02
 0.399944990573E-05  0.176326269644E-04  0.702082056777E+02
 0.468282117574E-05  0.204261245962E-04  0.683979902321E+02
 0.543569233180E-05  0.234538557557E-04  0.666059470809E+02
 0.626235981783E-05  0.267235926004E-04  0.648330783148E+02
 0.716741492371E-05  0.302434430764E-04  0.630803531537E+02
 0.815575806305E-05  0.340218373958E-04  0.613487057516E+02
 0.923261464423E-05  0.380675181796E-04  0.596390331297E+02
 0.104035524688E-04  0.423895333292E-04  0.579521932477E+02
 0.116745006300E-04  0.469972309787E-04  0.562890032217E+02
 0.130517699118E-04  0.519002560697E-04  0.546502376970E+02
 0.145420747120E-04  0.571085482160E-04  0.530366273837E+02
 0.161525565291E-04  0.626323406146E-04  0.514488577590E+02
 0.178908090659E-04  0.684821598211E-04  0.498875679432E+02
 0.197649050171E-04  0.746688262502E-04  0.483533497516E+02
 0.217834246160E-04  0.812034552981E-04  0.468467469261E+02
 0.239554860268E-04  0.880974590054E-04  0.453682545466E+02
 0.262907776771E-04  0.953625481970E-04  0.439183186234E+02
 0.287995926347E-04  0.103010735052E-03  0.424973358699E+02
 0.314928651397E-04  0.111054336063E-03  0.411056536527E+02
 0.343822094142E-04  0.119505975358E-03  0.397435701163E+02
 0.374799608771E-04  0.128378588359E-03  0.384113344794E+02
 0.407992199036E-04  0.137685425758E-03  0.371091474955E+02
 0.443538982758E-04  0.147440057796E-03  0.358371620747E+02
 0.481587684823E-04  0.157656378837E-03  0.345954840564E+02
 0.522295160317E-04  0.168348612213E-03  0.333841731289E+02
 0.565827949590E-04  0.179531315357E-03  0.322032438845E+02
 0.612362867114E-04  0.191219385183E-03  0.310526670031E+02
 0.662087626131E-04  0.203428063737E-03  0.299323705539E+02
 0.715201501209E-04  0.216172944096E-03  0.288422414061E+02
 0.771916030935E-04  0.229469976510E-03  0.277821267377E+02
 0.832455763115E-04  0.243335474785E-03  0.267518356319E+02
 0.897059044999E-04  0.257786122897E-03  0.257511407517E+02
 0.965978861186E-04  0.272838981836E-03  0.247797800805E+02
 0.103948372201E-03  0.288511496657E-03  0.238374587188E+02
 0.111785860539E-03  0.304821503752E-03  0.229238507270E+02
 0.120140595530E-03  0.321787238307E-03  0.220386010023E+02
 0.129044674020E-03  0.339427341960E-03  0.211813271819E+02
 0.138532157485E-03  0.357760870624E-03  0.203516215603E+02
 0.148639190944E-03  0.376807302477E-03  0.195490530131E+02
 0.159404128969E-03  0.396586546106E-03  0.187731689171E+02
 0.170867669240E-03  0.417118948766E-03  0.180234970588E+02
 0.183072994051E-03  0.438425304775E-03  0.172995475231E+02
 0.196065920263E-03  0.460526863984E-03  0.166008145544E+02
 0.209895058170E-03  0.483445340333E-03  0.159267783833E+02
 0.224611979815E-03  0.507202920457E-03  0.152769070126E+02
 0.240271397288E-03  0.531822272308E-03  0.146506579572E+02
 0.256931351597E-03  0.557326553790E-03  0.140474799311E+02
 0.274653412718E-03  0.583739421352E-03  0.134668144795E+02
 0.293502891461E-03  0.611085038531E-03  0.129080975489E+02
 0.313549063842E-03  0.639388084386E-03  0.123707609950E+02
 0.334865408679E-03  0.668673761818E-03  0.118542340226E+02
 0.357529859156E-03  0.698967805709E-03  0.113579445568E+02
 0.381625069164E-03  0.730296490852E-03  0.108813205442E+02
 0.407238695262E-03  0.762686639632E-03  0.104237911809E+02
 0.434463695135E-03  0.796165629399E-03  0.998478806800E+01
 0.463398643491E-03  0.830761399496E-03  0.956374629417E+01
 0.494148066378E-03  0.866502457878E-03  0.916010544463E+01
 0.526822794965E-03  0.903417887266E-03  0.877331053754E+01
 0.561540339867E-03  0.941537350794E-03  0.840281288841E+01
 0.598425287177E-03  0.980891097051E-03  0.804807090374E+01
 0.637609717406E-03  0.102150996449E-02  0.770855080530E+01
 0.679233648606E-03  0.106342538508E-02  0.738372728667E+01
 0.723445505018E-03  0.110666938722E-02  0.707308410405E+01
 0.770402612646E-03  0.115127459768E-02  0.677611460340E+01
 0.820271723246E-03  0.119727424266E-02  0.649232218617E+01
 0.873229568275E-03  0.124470214775E-02  0.622122071615E+01
 0.929463444435E-03  0.129359273672E-02  0.596233486984E+01
 0.989171832526E-03  0.134398102912E-02  0.571520043303E+01
 0.105256505141E-02  0.139590263642E-02  0.547936454635E+01
 0.111986594896E-02  0.144939375679E-02  0.525438590241E+01
 0.119131063200E-02  0.150449116820E-02  0.503983489734E+01
 0.126714923725E-02  0.156123221984E-02  0.483529373949E+01
 0.134764674550E-02  0.161965482168E-02  0.464035651806E+01
 0.143308384129E-02  0.167979743202E-02  0.445462923436E+01
 0.152375782043E-02  0.174169904298E-02  0.427772979833E+01
 0.161998354785E-02  0.180539916359E-02  0.410928799304E+01
 0.172209446839E-02  0.187093780050E-02  0.394894540967E+01
 0.183044367331E-02  0.193835543602E-02  0.379635535540E+01
 0.194540502517E-02  0.200769300341E-02  0.365118273680E+01
 0.206737434428E-02  0.207899185910E-02  0.351310392075E+01
 0.219677065951E-02  0.215229375178E-02  0.338180657543E+01
 0.233403752695E-02  0.222764078806E-02  0.325698949321E+01
 0.247964441956E-02  0.230507539449E-02  0.313836239768E+01
 0.263408819129E-02  0.238464027576E-02  0.302564573663E+01
 0.279789461941E-02  0.246637836882E-02  0.291857046281E+01
 0.297162002859E-02  0.255033279260E-02  0.281687780426E+01
 0.315585300073E-02  0.263654679318E-02  0.272031902570E+01
 0.335121617453E-02  0.272506368409E-02  0.262865518256E+01
 0.355836813885E-02  0.281592678138E-02  0.254165686912E+01
 0.377800542432E-02  0.290917933332E-02  0.245910396188E+01
 0.401086459735E-02  0.300486444425E-02  0.238078535965E+01
 0.425772446136E-02  0.310302499238E-02  0.230649872117E+01
 0.451940836972E-02  0.320370354117E-02  0.223605020157E+01
 0.479678665524E-02  0.330694224387E-02  0.216925418843E+01
 0.509077918111E-02  0.341278274102E-02  0.210593303841E+01
 0.540235801841E-02  0.352126605034E-02  0.204591681512E+01
 0.573255025513E-02  0.363243244879E-02  0.198904302910E+01
 0.608244094211E-02  0.374632134634E-02  0.193515638038E+01
 0.645317618102E-02  0.386297115097E-02  0.188410850429E+01
 0.684596635992E-02  0.398241912457E-02  0.183575772099E+01
 0.726208954163E-02  0.410470122938E-02  0.178996878917E+01
 0.770289501049E-02  0.422985196421E-02  0.174661266430E+01
 0.816980698281E-02  0.435790419044E-02  0.170556626175E+01
 0.866432848662E-02  0.448888894693E-02  0.166671222517E+01
 0.918804541596E-02  0.462283525359E-02  0.162993870015E+01
 0.974263076501E-02  0.475976990309E-02  0.159513911365E+01
 0.103298490473E-01  0.489971724022E-02  0.156221195905E+01
 0.109515609053E-01  0.504269892835E-02  0.153106058723E+01
 0.116097279143E-01  0.518873370265E-02  0.150159300358E+01
 0.123064175867E-01  0.533783710940E-02  0.147372167102E+01
 0.130438085795E-01  0.549002123102E-02  0.144736331922E+01
 0.138241961100E-01  0.564529439635E-02  0.142243875977E+01
 0.146499975823E-01  0.580366087557E-02  0.139887270759E+01
 0.155237584288E-01  0.596512055950E-02  0.137659360820E+01
 0.164481581677E-01  0.612966862261E-02  0.135553347120E+01
 0.174260166796E-01  0.629729516953E-02  0.133562770951E+01
 0.184603007035E-01  0.646798486441E-02  0.131681498452E+01
 0.195541305520E-01  0.664171654303E-02  0.129903705705E+01
 0.207107870460E-01  0.681846280702E-02  0.128223864386E+01
 0.219337186656E-01  0.699818960014E-02  0.126636727983E+01
 0.232265489153E-01  0.718085576621E-02  0.125137318543E+01
 0.245930838980E-01  0.736641258842E-02  0.123720913957E+01
 0.260373200922E-01  0.755480331014E-02  0.122383035763E+01
 0.275634523240E-01  0.774596263679E-02  0.121119437444E+01
 0.291758819257E-01  0.793981621901E-02  0.119926093219E+01
 0.308792250671E-01  0.813628011714E-02  0.118799187312E+01
 0.326783212475E-01  0.833526024711E-02  0.117735103675E+01
 0.345782419306E-01  0.853665180809E-02  0.116730416161E+01
 0.365842993038E-01  0.874033869226E-02  0.115781879127E+01
 0.387020551391E-01  0.894619287721E-02  0.114886418452E+01
 0.409373297308E-01  0.915407380160E-02  0.114041122963E+01
 0.432962108802E-01  0.936382772496E-02  0.113243236242E+01
 0.457850628955E-01  0.957528707249E-02  0.112490148812E+01
 0.484105355693E-01  0.978826976611E-02  0.111779390680E+01
 0.511795730927E-01  0.100025785430E-01  0.111108624234E+01
 0.540994228600E-01  0.102180002635E-01  0.110475637458E+01
 0.571776441122E-01  0.104343052094E-01  0.109878337485E+01
 0.604221163633E-01  0.106512463757E-01  0.109314744443E+01
 0.638410475471E-01  0.108685587573E-01  0.108782985606E+01
 0.674429818144E-01  0.110859586337E-01  0.108281289818E+01
 0.712368069069E-01  0.113031428537E-01  0.107807982193E+01
 0.752317610239E-01  0.115197881251E-01  0.107361479078E+01
 0.794374390931E-01  0.117355503106E-01  0.106940283253E+01
 0.838637983469E-01  0.119500637356E-01  0.106542979379E+01
 0.885211630992E-01  0.121629405117E-01  0.106168229663E+01
 0.934202286073E-01  0.123737698790E-01  0.105814769751E+01
 0.985720638957E-01  0.125821175757E-01  0.105481404815E+01
 0.103988113410E+00  0.127875252364E-01  0.105167005847E+01
 0.109680197354E+00  0.129895098280E-01  0.104870506139E+01
 0.115660510566E+00  0.131875631287E-01  0.104590897936E+01
 0.121941619762E+00  0.133811512563E-01  0.104327229270E+01
 0.128536458972E+00  0.135697142541E-01  0.104078600952E+01
 0.135458323002E+00  0.137526657418E-01  0.103844163718E+01
 0.142720858701E+00  0.139293926403E-01  0.103623115526E+01
 0.150338053845E+00  0.140992549783E-01  0.103414698992E+01
 0.158324223417E+00  0.142615857918E-01  0.103218198961E+01
 0.166693993056E+00  0.144156911244E-01  0.103032940202E+01
 0.175462279432E+00  0.145608501411E-01  0.102858285230E+01
 0.184644267306E+00  0.146963153656E-01  0.102693632240E+01
 0.194255383015E+00  0.148213130519E-01  0.102538413147E+01
 0.204311264119E+00  0.149350437044E-01  0.102392091736E+01
 0.214827724931E+00  0.150366827577E-01  0.102254161905E+01
 0.225820717653E+00  0.151253814284E-01  0.102124146008E+01
 0.237306288840E+00  0.152002677552E-01  0.102001593282E+01
 0.249300530894E+00  0.152604478380E-01  0.101886078357E+01
 0.261819528297E+00  0.153050072917E-01  0.101777199855E+01
 0.274879298310E+00  0.153330129302E-01  0.101674579053E+01
 0.288495725831E+00  0.153435146922E-01  0.101577858626E+01
 0.302684492154E+00  0.153355478266E-01  0.101486701458E+01
 0.317460997344E+00  0.153081353495E-01  0.101400789512E+01
 0.332840275977E+00  0.152602907892E-01  0.101319822769E+01
 0.348836906021E+00  0.151910212310E-01  0.101243518218E+01
 0.365464910620E+00  0.150993306764E-01  0.101171608908E+01
 0.382737652614E+00  0.149842237289E-01  0.101103843045E+01
 0.400667721638E+00  0.148447096174E-01  0.101039983145E+01
 0.419266813670E+00  0.146798065668E-01  0.100979805227E+01
 0.438545602994E+00  0.144885465242E-01  0.100923098059E+01
 0.458513606527E+00  0.142699802471E-01  0.100869662435E+01
 0.479179040583E+00  0.140231827549E-01  0.100819310502E+01
 0.500548670179E+00  0.137472591470E-01  0.100771865118E+01
 0.522627651074E+00  0.134413507809E-01  0.100727159249E+01
 0.545419364818E+00  0.131046418051E-01  0.100685035396E+01
 0.568925247181E+00  0.127363660335E-01  0.100645345057E+01
 0.593144610428E+00  0.123358141438E-01  0.100607948218E+01
 0.618074460024E+00  0.119023411780E-01  0.100572712873E+01
 0.643709306456E+00  0.114353743131E-01  0.100539514569E+01
 0.670040972996E+00  0.109344208679E-01  0.100508235975E+01
 0.697058400351E+00  0.103990765005E-01  0.100478766485E+01
 0.724747449281E+00  0.982903354765E-02  0.100451001829E+01
 0.753090702406E+00  0.922408944585E-02  0.100424843715E+01
 0.782067266574E+00  0.858415517112E-02  0.100400199490E+01
 0.811652577284E+00  0.790926362551E-02  0.100376981818E+01
 0.841818206832E+00  0.719957789468E-02  0.100355108377E+01
 0.872531677978E+00  0.645539929730E-02  0.100334501574E+01
 0.903756285066E+00  0.567717514535E-02  0.100315088273E+01
 0.935450924717E+00  0.486550613571E-02  0.100296799546E+01
 0.967569938303E+00  0.402115329679E-02  0.100279570425E+01
 0.100006296861E+01  0.314504442009E-02  0.100263339683E+01
 0.103287483322E+01  0.223827991439E-02  0.100248049616E+01
 0.106594541730E+01  0.130213802943E-02  0.100233645842E+01
 0.109920958863E+01  0.338079404284E-03  0.100220077112E+01
 0.113259713796E+01 -0.652249098370E-03  0.100207295130E+01
 0.116603274776E+01 -0.166701131003E-02  0.100195254383E+01
 0.119943599275E+01 -0.270417946969E-02  0.100183911984E+01
 0.123272137579E+01 -0.376153279104E-02  0.100173227517E+01
 0.126579840246E+01 -0.483665696482E-02  0.100163162901E+01
 0.129857169825E+01 -0.592694470904E-02  0.100153682249E+01
 0.133094117183E+01 -0.702959751499E-02  0.100144751749E+01
 0.136280222796E+01 -0.814162877272E-02  0.100136339539E+01
 0.139404603344E+01 -0.925986848926E-02  0.100128415597E+01
 0.142455983900E+01 -0.103809698313E-01  0.100120951636E+01
 0.145422735976E+01 -0.115014177274E-01  0.100113921003E+01
 0.148292921626E+01 -0.126175397480E-01  0.100107298585E+01
 0.151054343730E+01 -0.137255194496E-01  0.100101060721E+01
 0.153694602515E+01 -0.148214123179E-01  0.100095185117E+01
 0.156201158286E+01 -0.159011643809E-01  0.100089650768E+01
 0.158561400222E+01 -0.169606334942E-01  0.100084437886E+01
 0.160762721044E+01 -0.179956132234E-01  0.100079527826E+01
 0.162792597207E+01 -0.190018591749E-01  0.100074903021E+01
 0.164638674212E+01 -0.199751175572E-01  0.100070546921E+01
 0.166288856526E+01 -0.209111556886E-01  0.100066443937E+01
 0.167731401485E+01 -0.218057941144E-01  0.100062579379E+01
 0.168955016491E+01 -0.226549399483E-01  0.100058939410E+01
 0.169948958718E+01 -0.234546210181E-01  0.100055510994E+01
 0.170703136465E+01 -0.242010203706E-01  0.100052281848E+01
 0.171208211223E+01 -0.248905106751E-01  0.100049240406E+01
 0.171455699349E+01 -0.255196879955E-01  0.100046375767E+01
 0.171438072861E+01 -0.260854048031E-01  0.100043677665E+01
 0.171148857236E+01 -0.265848011679E-01  0.100041136429E+01
 0.170582726041E+01 -0.270153343103E-01  0.100038742948E+01
 0.169735590836E+01 -0.273748058620E-01  0.100036488640E+01
 0.168604685252E+01 -0.276613865579E-01  0.100034365420E+01
 0.167188642100E+01 -0.278736380777E-01  0.100032365672E+01
 0.165487562322E+01 -0.280105318084E-01  0.100030482224E+01
 0.163503074643E+01 -0.280714643498E-01  0.100028708318E+01
 0.161238384764E+01 -0.280562696390E-01  0.100027037588E+01
 0.158698312956E+01 -0.279652276141E-01  0.100025464039E+01
 0.155889318943E+01 -0.277990693773E-01  0.100023982022E+01
 0.152819512984E+01 -0.275589788514E-01  0.100022586219E+01
 0.149498652099E+01 -0.272465909410E-01  0.100021271617E+01
 0.145938120443E+01 -0.268639862220E-01  0.100020033496E+01
 0.142150892877E+01 -0.264136821750E-01  0.100018867410E+01
 0.138151480908E+01 -0.258986209643E-01  0.100017769172E+01
 0.133955860260E+01 -0.253221537339E-01  0.100016734835E+01
 0.129581379516E+01 -0.246880213471E-01  0.100015760685E+01
 0.125046649492E+01 -0.240003314486E-01  0.100014843221E+01
 0.120371413257E+01 -0.232635316629E-01  0.100013979146E+01
 0.115576397102E+01 -0.224823786820E-01  0.100013165356E+01
 0.110683143186E+01 -0.216619029345E-01  0.100012398926E+01
 0.105713825139E+01 -0.208073684924E-01  0.100011677100E+01
 0.100691048575E+01 -0.199242278843E-01  0.100010997284E+01
 0.956376391902E+00 -0.190180715826E-01  0.100010357035E+01
 0.905764219152E+00 -0.180945721745E-01  0.100009754049E+01
 0.855299953718E+00 -0.171594236515E-01  0.100009186160E+01
 0.805205064524E+00 -0.162182768719E-01  0.100008651325E+01
 0.755694301721E+00 -0.152766729978E-01  0.100008147621E+01
 0.706973598020E+00 -0.143399774121E-01  0.100007673237E+01
 0.659238116972E+00 -0.134133170429E-01  0.100007226467E+01
 0.612670482407E+00 -0.125015239421E-01  0.100006805704E+01
 0.567439211516E+00 -0.116090873194E-01  0.100006409435E+01
 0.523697363353E+00 -0.107401151867E-01  0.100006036235E+01
 0.481581406995E+00 -0.989830564147E-02  0.100005684761E+01
 0.441210310166E+00 -0.908692694013E-02  0.100005353749E+01
 0.402684849252E+00 -0.830880507784E-02  0.100005042008E+01
 0.366087143549E+00 -0.756631757865E-02  0.100004748416E+01
 0.331480418755E+00 -0.686139248357E-02  0.100004471918E+01
 0.298909005527E+00 -0.619551191227E-02  0.100004211518E+01
 0.268398577851E+00 -0.556971992844E-02  0.100003966279E+01
 0.239956632796E+00 -0.498463467708E-02  0.100003735319E+01
 0.213573208400E+00 -0.444046486302E-02  0.100003517806E+01
 0.189221830408E+00 -0.393703061990E-02  0.100003312958E+01
 0.166860672013E+00 -0.347378870988E-02  0.100003120037E+01
 0.146433904281E+00 -0.304986183305E-02  0.100002938349E+01
 0.127873208947E+00 -0.266407164525E-02  0.100002767240E+01
 0.111099420296E+00 -0.231497490678E-02  0.100002606094E+01
 0.960242590693E-01 -0.200090203577E-02  0.100002454332E+01
 0.825521190480E-01 -0.171999722625E-02  0.100002311406E+01
 0.705818661718E-01 -0.147025922325E-02  0.100002176802E+01
 0.600086107998E-01 -0.124958182602E-02  0.100002050037E+01
 0.507254159011E-01 -0.105579321433E-02  0.100001930653E+01
 0.426249074150E-01 -0.886693258290E-03  0.100001818221E+01
 0.356007575361E-01 -0.740088072210E-03  0.100001712335E+01
 0.295490169954E-01 -0.613821199512E-03  0.100001612616E+01
 0.243692782600E-01 -0.505800960199E-03  0.100001518704E+01
 0.199656576644E-01 -0.414023645795E-03  0.100001430260E+01
 0.162475905667E-01 -0.336592400653E-03  0.100001346967E+01
 0.131304394217E-01 -0.271731775516E-03  0.100001268524E+01
 0.105359199939E-01 -0.217798073149E-03  0.100001194649E+01
 0.839235560288E-02 -0.173285721826E-03  0.100001125076E+01
 0.663477319088E-02 -0.136830007238E-03  0.100001059555E+01
 0.520485804499E-02 -0.107206565384E-03  0.100000997849E+01
 0.405078615620E-02 -0.833280876116E-04  0.100000939737E+01
 0.312695447138E-02 -0.642387152674E-04  0.100000885009E+01
 0.239362973152E-02 -0.491066070059E-04  0.100000833469E+01
 0.181653626960E-02 -0.372151492741E-04  0.100000784929E+01
 0.136640216282E-02 -0.279532528293E-04  0.100000739217E+01
 0.101848161441E-02 -0.208051385814E-04  0.100000696166E+01
 0.752069504742E-03 -0.153399679086E-04  0.100000655623E+01
 0.550021830315E-03 -0.112016190649E-04  0.100000617441E+01
 0.398293367350E-03 -0.809885535690E-05  0.100000581482E+01
 0.285501472852E-03 -0.579607503892E-05  0.100000547618E+01
 0.202522573550E-03 -0.410477960897E-05  0.100000515726E+01
 0.142125680936E-03 -0.287584818736E-05  0.100000485691E+01
 0.986452766932E-04 -0.199266227358E-05  0.100000457405E+01
 0.676941854402E-04 -0.136508829172E-05  0.100000430767E+01
 0.459156184363E-04 -0.924295355224E-06  0.100000405679E+01
 0.307724421426E-04 -0.618362588031E-06  0.100000382053E+01
 0.203708931104E-04 -0.408613757622E-06  0.100000359803E+01
 0.133154059715E-04 -0.266606270865E-06  0.100000338849E+01
 0.859091937375E-05 -0.171696112155E-06  0.100000319115E+01
 0.546905971019E-05 -0.109101511738E-06  0.100000300530E+01
 0.343513224771E-05 -0.683997739151E-07  0.100000283027E+01
 0.212737542268E-05 -0.422815977930E-07  0.100000266544E+01
 0.129847631810E-05 -0.257610591636E-07  0.100000251021E+01
