GENERAL: LMX=3  NSPIN=1   WSR= 3.257964  REL=T  NR=327  A=.030
   Z=20  QC=17  QTOT=-0.351653

 ETOT  =  -1333.0976841  EKIN =    1341.0449631  UTOT =  -2674.0966067
 EMAD  =     -0.0460406  SUMEC=    -803.4425760  SUMEV=     -0.8357661
 RHOV  =  -2145.3233053  UNUCL=   -3152.1925218  UELEC=    544.9629188
 RHOEPS=    -66.8670037  REPSNL=      0.0000000  RHOMU=    -88.2015249
 RMUNL =      0.0000000
 
MOMNTS:  Ca    VRMAX= -0.606765
 L      PL         Q0         Q1         Q2   IDMOD     DL
 0  4.5119139  0.3234464 -0.0049170  0.0011334  0  -0.0374462
 1  4.2789549  0.5909526  0.0000000  0.0013852  0   0.8328172
 2  3.3999687  1.7339476  0.0042565  0.0509636  0   0.3250284
 3  4.1300000  0.0000000  0.0000000  0.0000000  0   2.3108637
COR:
  327    1     0.03000    5
 0.000000000D+00 2.569814469D-06 1.043521432D-05 2.398631832D-05 4.367628046D-05
 6.999248375D-05 1.034787001D-04 1.447114372D-04 1.943110045D-04 2.529415338D-04
 3.213133873D-04 4.001857720D-04 4.903695724D-04 5.927304149D-04 7.081919559D-04
 8.377393964D-04 9.824232250D-04 1.143363200D-03 1.321752579D-03 1.518862606D-03
 1.736047275D-03 1.974748372D-03 2.236500830D-03 2.522938388D-03 2.835799597D-03
 3.176934169D-03 3.548309707D-03 3.952018819D-03 4.390286657D-03 4.865478878D-03
 5.380110084D-03 5.936852732D-03 6.538546562D-03 7.188208568D-03 7.889043534D-03
 8.644455167D-03 9.458057867D-03 1.033368916D-02 1.127542281D-02 1.228758273D-02
 1.337475756D-02 1.454181620D-02 1.579392404D-02 1.713656022D-02 1.857553581D-02
 2.011701288D-02 2.176752480D-02 2.353399741D-02 2.542377157D-02 2.744462670D-02
 2.960480574D-02 3.191304136D-02 3.437858354D-02 3.701122862D-02 3.982134988D-02
 4.281992969D-02 4.601859327D-02 4.942964423D-02 5.306610187D-02 5.694174040D-02
 6.107113006D-02 6.546968028D-02 7.015368501D-02 7.514037015D-02 8.044794335D-02
 8.609564610D-02 9.210380832D-02 9.849390543D-02 1.052886181D-01 1.125118946D-01
 1.201890161D-01 1.283466646D-01 1.370129939D-01 1.462177038D-01 1.559921171D-01
 1.663692596D-01 1.773839439D-01 1.890728561D-01 2.014746454D-01 2.146300182D-01
 2.285818339D-01 2.433752062D-01 2.590576055D-01 2.756789666D-01 2.932917983D-01
 3.119512976D-01 3.317154658D-01 3.526452285D-01 3.748045585D-01 3.982606013D-01
 4.230838030D-01 4.493480415D-01 4.771307585D-01 5.065130945D-01 5.375800242D-01
 5.704204938D-01 6.051275578D-01 6.417985168D-01 6.805350541D-01 7.214433706D-01
 7.646343183D-01 8.102235304D-01 8.583315475D-01 9.090839386D-01 9.626114167D-01
 1.019049946D+00 1.078540840D+00 1.141230851D+00 1.207272246D+00 1.276822869D+00
 1.350046188D+00 1.427111322D+00 1.508193052D+00 1.593471806D+00 1.683133616D+00
 1.777370056D+00 1.876378137D+00 1.980360179D+00 2.089523634D+00 2.204080878D+00
 2.324248951D+00 2.450249251D+00 2.582307169D+00 2.720651677D+00 2.865514843D+00
 3.017131283D+00 3.175737546D+00 3.341571410D+00 3.514871111D+00 3.695874473D+00
 3.884817953D+00 4.081935587D+00 4.287457830D+00 4.501610297D+00 4.724612384D+00
 4.956675779D+00 5.198002849D+00 5.448784905D+00 5.709200341D+00 5.979412640D+00
 6.259568257D+00 6.549794362D+00 6.850196462D+00 7.160855880D+00 7.481827129D+00
 7.813135144D+00 8.154772414D+00 8.506696004D+00 8.868824482D+00 9.241034764D+00
 9.623158897D+00 1.001498079D+01 1.041623294D+01 1.082659311D+01 1.124568109D+01
 1.167305551D+01 1.210821071D+01 1.255057378D+01 1.299950181D+01 1.345427929D+01
 1.391411588D+01 1.437814446D+01 1.484541958D+01 1.531491642D+01 1.578553023D+01
 1.625607638D+01 1.672529109D+01 1.719183294D+01 1.765428508D+01 1.811115851D+01
 1.856089619D+01 1.900187821D+01 1.943242817D+01 1.985082056D+01 2.025528953D+01
 2.064403881D+01 2.101525302D+01 2.136711021D+01 2.169779582D+01 2.200551791D+01
 2.228852369D+01 2.254511727D+01 2.277367855D+01 2.297268320D+01 2.314072344D+01
 2.327652970D+01 2.337899266D+01 2.344718569D+01 2.348038728D+01 2.347810317D+01
 2.344008796D+01 2.336636561D+01 2.325724866D+01 2.311335563D+01 2.293562614D+01
 2.272533337D+01 2.248409332D+01 2.221387047D+01 2.191697935D+01 2.159608149D+01
 2.125417758D+01 2.089459417D+01 2.052096489D+01 2.013720571D+01 1.974748423D+01
 1.935618285D+01 1.896785593D+01 1.858718104D+01 1.821890456D+01 1.786778212D+01
 1.753851441D+01 1.723567904D+01 1.696365928D+01 1.672657071D+01 1.652818687D+01
 1.637186513D+01 1.626047408D+01 1.619632392D+01 1.618110132D+01 1.621581020D+01
 1.630072001D+01 1.643532296D+01 1.661830169D+01 1.684750864D+01 1.711995832D+01
 1.743183367D+01 1.777850704D+01 1.815457667D+01 1.855391880D+01 1.896975545D+01
 1.939473764D+01 1.982104326D+01 2.024048870D+01 2.064465280D+01 2.102501147D+01
 2.137308093D+01 2.168056716D+01 2.193951902D+01 2.214248211D+01 2.228265028D+01
 2.235401178D+01 2.235148648D+01 2.227105113D+01 2.210984935D+01 2.186628324D+01
 2.154008380D+01 2.113235765D+01 2.064560757D+01 2.008372573D+01 1.945195756D+01
 1.875683628D+01 1.800608797D+01 1.720850782D+01 1.637380921D+01 1.551244782D+01
 1.463542395D+01 1.375406681D+01 1.287980546D+01 1.202393151D+01 1.119735952D+01
 1.041039108D+01 9.672489071D+00 8.992068433D+00 8.376309590D+00 7.831000211D+00
 7.360410222D+00 6.967204077D+00 6.652393112D+00 6.415329609D+00 6.253742838D+00
 6.163816083D+00 6.140302443D+00 6.176676088D+00 6.265314660D+00 6.397707651D+00
 6.564684799D+00 6.756657934D+00 6.963869197D+00 7.176638299D+00 7.385601431D+00
 7.581934705D+00 7.757555524D+00 7.905296136D+00 8.019044687D+00 8.093850395D+00
 8.125990765D+00 8.113000824D+00 8.053664234D+00 7.947970211D+00 7.797037824D+00
 7.603013644D+00 7.368947108D+00 7.098649301D+00 6.796540877D+00 6.467494739D+00
 6.116678806D+00 5.749403705D+00 5.370979598D+00 4.986585655D+00 4.601154894D+00
 4.219276380D+00 3.845115970D+00 3.482356134D+00 3.134154712D+00 2.803121913D+00
 2.491314395D+00 2.200244850D+00 1.930905235D+00 1.683801563D+00 1.458998006D+00
 1.256168039D+00 1.074650312D+00 9.135070289D-01 7.715827299D-01 6.475615359D-01
 5.400211545D-01 4.474822054D-01 3.684517553D-01 3.014603169D-01 2.450919508D-01
 1.980074890D-01 1.589612287D-01 1.268117013D-01 1.005272912D-01 7.918753413D-02
 6.198100687D-02 4.820054510D-02
SUMEC
 0.000000000D+00
EC
-2.929489210D+02-3.225155881D+01-3.486285694D+00-2.673131905D+01-2.068739438D+00
POT:
  327    1     0.03000     3.25796
 1.206097535E+02 1.207880293E+02 1.209735595E+02 1.210833002E+02 1.211631015E+02
 1.212283309E+02 1.212826818E+02 1.213298213E+02 1.213716910E+02 1.214095646E+02
 1.214443146E+02 1.214765640E+02 1.215067734E+02 1.215352931E+02 1.215623960E+02
 1.215882991E+02 1.216131780E+02 1.216371767E+02 1.216604154E+02 1.216829950E+02
 1.217050019E+02 1.217265100E+02 1.217475837E+02 1.217682793E+02 1.217886464E+02
 1.218087293E+02 1.218285674E+02 1.218481963E+02 1.218676482E+02 1.218869525E+02
 1.219061361E+02 1.219252238E+02 1.219442386E+02 1.219632019E+02 1.219821336E+02
 1.220010526E+02 1.220199766E+02 1.220389222E+02 1.220579055E+02 1.220769417E+02
 1.220960453E+02 1.221152304E+02 1.221345104E+02 1.221538984E+02 1.221734071E+02
 1.221930488E+02 1.222128354E+02 1.222327787E+02 1.222528901E+02 1.222731809E+02
 1.222936621E+02 1.223143446E+02 1.223352390E+02 1.223563561E+02 1.223777060E+02
 1.223992993E+02 1.224211460E+02 1.224432563E+02 1.224656402E+02 1.224883076E+02
 1.225112682E+02 1.225345318E+02 1.225581080E+02 1.225820064E+02 1.226062364E+02
 1.226308074E+02 1.226557284E+02 1.226810088E+02 1.227066573E+02 1.227326830E+02
 1.227590944E+02 1.227859001E+02 1.228131084E+02 1.228407274E+02 1.228687652E+02
 1.228972292E+02 1.229261271E+02 1.229554658E+02 1.229852522E+02 1.230154927E+02
 1.230461934E+02 1.230773599E+02 1.231089975E+02 1.231411108E+02 1.231737040E+02
 1.232067807E+02 1.232403438E+02 1.232743956E+02 1.233089376E+02 1.233439706E+02
 1.233794944E+02 1.234155081E+02 1.234520095E+02 1.234889956E+02 1.235264621E+02
 1.235644036E+02 1.236028132E+02 1.236416829E+02 1.236810030E+02 1.237207622E+02
 1.237609475E+02 1.238015442E+02 1.238425356E+02 1.238839029E+02 1.239256254E+02
 1.239676797E+02 1.240100402E+02 1.240526788E+02 1.240955645E+02 1.241386634E+02
 1.241819388E+02 1.242253504E+02 1.242688549E+02 1.243124052E+02 1.243559506E+02
 1.243994363E+02 1.244428036E+02 1.244859892E+02 1.245289254E+02 1.245715399E+02
 1.246137552E+02 1.246554887E+02 1.246966523E+02 1.247371526E+02 1.247768899E+02
 1.248157587E+02 1.248536471E+02 1.248904367E+02 1.249260020E+02 1.249602110E+02
 1.249929240E+02 1.250239941E+02 1.250532666E+02 1.250805789E+02 1.251057604E+02
 1.251286320E+02 1.251490065E+02 1.251666877E+02 1.251814707E+02 1.251931419E+02
 1.252014785E+02 1.252062486E+02 1.252072112E+02 1.252041160E+02 1.251967038E+02
 1.251847060E+02 1.251678450E+02 1.251458343E+02 1.251183787E+02 1.250851743E+02
 1.250459090E+02 1.250002628E+02 1.249479080E+02 1.248885098E+02 1.248217270E+02
 1.247472121E+02 1.246646123E+02 1.245735701E+02 1.244737244E+02 1.243647108E+02
 1.242461631E+02 1.241177140E+02 1.239789965E+02 1.238296447E+02 1.236692956E+02
 1.234975900E+02 1.233141741E+02 1.231187009E+02 1.229108322E+02 1.226902393E+02
 1.224566056E+02 1.222096277E+02 1.219490173E+02 1.216745029E+02 1.213858314E+02
 1.210827701E+02 1.207651079E+02 1.204326573E+02 1.200852556E+02 1.197227664E+02
 1.193450810E+02 1.189521192E+02 1.185438303E+02 1.181201939E+02 1.176812201E+02
 1.172269499E+02 1.167574547E+02 1.162728360E+02 1.157732243E+02 1.152587778E+02
 1.147296810E+02 1.141861418E+02 1.136283895E+02 1.130566714E+02 1.124712491E+02
 1.118723946E+02 1.112603858E+02 1.106355019E+02 1.099980181E+02 1.093482003E+02
 1.086863000E+02 1.080125491E+02 1.073271549E+02 1.066302958E+02 1.059221179E+02
 1.052027327E+02 1.044722163E+02 1.037306103E+02 1.029779245E+02 1.022141431E+02
 1.014392320E+02 1.006531492E+02 9.985585777E+01 9.904733981E+01 9.822761185E+01
 9.739674002E+01 9.655485378E+01 9.570215704E+01 9.483893535E+01 9.396555796E+01
 9.308247439E+01 9.219020535E+01 9.128932844E+01 9.038045997E+01 8.946423415E+01
 8.854128153E+01 8.761220840E+01 8.667757864E+01 8.573789923E+01 8.479361023E+01
 8.384507952E+01 8.289260235E+01 8.193640514E+01 8.097665327E+01 8.001346176E+01
 7.904690840E+01 7.807704824E+01 7.710392890E+01 7.612760590E+01 7.514815740E+01
 7.416569777E+01 7.318038965E+01 7.219245394E+01 7.120217758E+01 7.020991872E+01
 6.921610924E+01 6.822125439E+01 6.722592951E+01 6.623077393E+01 6.523648188E+01
 6.424379083E+01 6.325346707E+01 6.226628904E+01 6.128302859E+01 6.030443057E+01
 5.933119134E+01 5.836393675E+01 5.740320065E+01 5.644940508E+01 5.550284365E+01
 5.456367038E+01 5.363189631E+01 5.270739706E+01 5.178993395E+01 5.087919091E+01
 4.997482714E+01 4.907654199E+01 4.818414449E+01 4.729761528E+01 4.641714763E+01
 4.554315613E+01 4.467624909E+01 4.381716945E+01 4.296671717E+01 4.212566896E+01
 4.129470963E+01 4.047438373E+01 3.966507039E+01 3.886697894E+01 3.808016089E+01
 3.730453259E+01 3.653990367E+01 3.578600731E+01 3.504252964E+01 3.430913642E+01
 3.358549603E+01 3.287129824E+01 3.216626888E+01 3.147018019E+01 3.078285748E+01
 3.010418229E+01 2.943409246E+01 2.877257963E+01 2.811968453E+01 2.747549063E+01
 2.684011631E+01 2.621370629E+01 2.559642233E+01 2.498843374E+01 2.438990797E+01
 2.380100134E+01 2.322185043E+01 2.265256403E+01 2.209321598E+01 2.154383909E+01
 2.100442035E+01 2.047489767E+01 1.995515871E+01 1.944504219E+01 1.894434226E+01
 1.845281665E+01 1.797019868E+01 1.749621294E+01 1.703059320E+01 1.657310017E+01
 1.612353561E+01 1.568174932E+01 1.524763688E+01 1.482112801E+01 1.440216797E+01
 1.399069607E+01 1.358662533E+01 1.318982639E+01 1.280011710E+01 1.241725750E+01
 1.204095005E+01 1.167084242E+01
 
PPAR:  Ca    VES=  0.045977
 L       ENU        C       +/-DEL   1/SQRT(P)     GAMMA      ALPHA
 0 -0.4297921 -0.1297005 -0.1588613  4.0943895  0.5069035  0.5069035
 1 -0.3737314  0.6149799  0.2042096  4.3486275  0.1913640  0.1913640
 2 -0.2744559  0.0271190  0.0437104  0.9646161  0.0411667  0.0411667
 3 -0.1697069  2.5006666  0.3463238  7.9266029  0.1082318  0.1082318
