GENERAL: LMX=3  NSPIN=1   WSR= 3.257964  REL=T  NR=327  A=.030
   Z=20  QC=18  QTOT=-0.343951

 ETOT  =  -1358.5879775  EKIN =    1367.1429896  UTOT =  -2725.6854797
 EMAD  =     -0.0454874  SUMEC=    -798.1014705  SUMEV=     -0.5898501
 RHOV  =  -2165.8343102  UNUCL=   -3232.9114040  UELEC=    576.9097789
 RHOEPS=    -69.6838546  REPSNL=      0.0000000  RHOMU=    -91.9414826
 RMUNL =      0.0000000
 
MOMNTS:  Ca    VRMAX= -0.587271
 L      PL         Q0         Q1         Q2   IDMOD     DL
 0  4.4479603  0.2856956 -0.0039789  0.0010455  0   0.1649600
 1  4.2345455  0.5397900  0.0000000  0.0013737  0   1.1021427
 2  3.2443789  0.8305635 -0.0210541  0.0026735  0   1.0359573
 3  4.1300000  0.0000000  0.0000000  0.0000000  0   2.3108637
COR:
  327    1     0.03000    5
 0.000000000D+00 2.557268155D-06 1.038426821D-05 2.386921559D-05 4.346305367D-05
 6.965078846D-05 1.029735401D-04 1.440050052D-04 1.933624689D-04 2.517068257D-04
 3.197449753D-04 3.982324245D-04 4.879761066D-04 5.898374301D-04 7.047355515D-04
 8.336508726D-04 9.776287652D-04 1.137783534D-03 1.315302626D-03 1.511451095D-03
 1.727576341D-03 1.965113134D-03 2.225588933D-03 2.510629527D-03 2.821965003D-03
 3.161436074D-03 3.531000766D-03 3.932741508D-03 4.368872624D-03 4.841748264D-03
 5.353870799D-03 5.907899685D-03 6.506660853D-03 7.153156625D-03 7.850576200D-03
 8.602306737D-03 9.411945063D-03 1.028331004D-02 1.122045565D-02 1.222768477D-02
 1.330956375D-02 1.447093782D-02 1.571694726D-02 1.705304462D-02 1.848501270D-02
 2.001898367D-02 2.166145913D-02 2.341933130D-02 2.529990538D-02 2.731092301D-02
 2.946058713D-02 3.175758798D-02 3.421113064D-02 3.683096392D-02 3.962741074D-02
 4.261140017D-02 4.579450103D-02 4.918895724D-02 5.280772495D-02 5.666451157D-02
 6.077381667D-02 6.515097498D-02 6.981220145D-02 7.477463852D-02 8.005640559D-02
 8.567665093D-02 9.165560601D-02 9.801464225D-02 1.047763305D-01 1.119645032D-01
 1.196043190D-01 1.277223311D-01 1.363465570D-01 1.455065529D-01 1.552334903D-01
 1.655602355D-01 1.765214330D-01 1.881535918D-01 2.004951747D-01 2.135866916D-01
 2.274707957D-01 2.421923831D-01 2.577986959D-01 2.743394285D-01 2.918668374D-01
 3.104358544D-01 3.301042022D-01 3.509325145D-01 3.729844572D-01 3.963268545D-01
 4.210298157D-01 4.471668656D-01 4.748150765D-01 5.040552020D-01 5.349718127D-01
 5.676534317D-01 6.021926724D-01 6.386863743D-01 6.772357401D-01 7.179464694D-01
 7.609288925D-01 8.062980993D-01 8.541740657D-01 9.046817739D-01 9.579513280D-01
 1.014118060D+00 1.073322631D+00 1.135711116D+00 1.201435083D+00 1.270651655D+00
 1.343523556D+00 1.420219141D+00 1.500912405D+00 1.585782970D+00 1.675016044D+00
 1.768802358D+00 1.867338064D+00 1.970824610D+00 2.079468562D+00 2.193481402D+00
 2.313079267D+00 2.438482648D+00 2.569916033D+00 2.707607489D+00 2.851788193D+00
 3.002691882D+00 3.160554245D+00 3.325612229D+00 3.498103270D+00 3.678264436D+00
 3.866331480D+00 4.062537791D+00 4.267113253D+00 4.480282989D+00 4.702266003D+00
 4.933273699D+00 5.173508289D+00 5.423161068D+00 5.682410576D+00 5.951420624D+00
 6.230338196D+00 6.519291214D+00 6.818386184D+00 7.127705710D+00 7.447305880D+00
 7.777213542D+00 8.117423465D+00 8.467895388D+00 8.828550992D+00 9.199270776D+00
 9.579890888D+00 9.970199891D+00 1.036993552D+01 1.077878146D+01 1.119636408D+01
 1.162224936D+01 1.205593976D+01 1.249687137D+01 1.294441117D+01 1.339785451D+01
 1.385642292D+01 1.431926222D+01 1.478544106D+01 1.525394990D+01 1.572370052D+01
 1.619352613D+01 1.666218216D+01 1.712834780D+01 1.759062829D+01 1.804755823D+01
 1.849760569D+01 1.893917753D+01 1.937062564D+01 1.979025450D+01 2.019632988D+01
 2.058708876D+01 2.096075061D+01 2.131553000D+01 2.164965040D+01 2.196135946D+01
 2.224894538D+01 2.251075463D+01 2.274521072D+01 2.295083400D+01 2.312626239D+01
 2.327027274D+01 2.338180277D+01 2.345997324D+01 2.350411012D+01 2.351376652D+01
 2.348874387D+01 2.342911227D+01 2.333522922D+01 2.320775676D+01 2.304767615D+01
 2.285629997D+01 2.263528101D+01 2.238661747D+01 2.211265412D+01 2.181607895D+01
 2.149991480D+01 2.116750585D+01 2.082249838D+01 2.046881577D+01 2.011062755D+01
 1.975231238D+01 1.939841499D+01 1.905359740D+01 1.872258451D+01 1.841010459D+01
 1.812082524D+01 1.785928548D+01 1.762982477D+01 1.743651007D+01 1.728306190D+01
 1.717278070D+01 1.710847478D+01 1.709239126D+01 1.712615146D+01 1.721069219D+01
 1.734621453D+01 1.753214142D+01 1.776708550D+01 1.804882861D+01 1.837431385D+01
 1.873965153D+01 1.914013939D+01 1.957029802D+01 2.002392149D+01 2.049414323D+01
 2.097351689D+01 2.145411147D+01 2.192761970D+01 2.238547838D+01 2.281899899D+01
 2.321950669D+01 2.357848530D+01 2.388772598D+01 2.413947673D+01 2.432658993D+01
 2.444266501D+01 2.448218304D+01 2.444063050D+01 2.431460899D+01 2.410192840D+01
 2.380168068D+01 2.341429208D+01 2.294155168D+01 2.238661507D+01 2.175398126D+01
 2.104944296D+01 2.028000971D+01 1.945380457D+01 1.857993538D+01 1.766834244D+01
 1.672962510D+01 1.577485015D+01 1.481534595D+01 1.386248630D+01 1.292746907D+01
 1.202109448D+01 1.115354866D+01 1.033419795D+01 9.571399414D+00 8.872332890D+00
 8.242859334D+00 7.687409603D+00 7.208907002D+00 6.808725872D+00 6.486687412D+00
 6.241092746D+00 6.068792114D+00 5.965288010D+00 5.924869134D+00 5.940771268D+00
 6.005360509D+00 6.110333798D+00 6.246931232D+00 6.406154381D+00 6.578984610D+00
 6.756595421D+00 6.930552975D+00 7.092999331D+00 7.236813549D+00 7.355746568D+00
 7.444526778D+00 7.498934241D+00 7.515842660D+00 7.493229764D+00 7.430156645D+00
 7.326719807D+00 7.183977651D+00 7.003856573D+00 6.789040414D+00 6.542847995D+00
 6.269103345D+00 5.972003096D+00 5.655985190D+00 5.325602598D+00 4.985405233D+00
 4.639832658D+00 4.293119568D+00 3.949215437D+00 3.611719164D+00 3.283829002D+00
 2.968307602D+00 2.667461606D+00 2.383134863D+00 2.116714093D+00 1.869145589D+00
 1.640961415D+00 1.432313453D+00 1.243013593D+00 1.072578367D+00 9.202763412D-01
 7.851766214D-01 6.661969099D-01 5.621496191D-01 4.717846967D-01 3.938280087D-01
 3.270144133D-01 2.701150144D-01 2.219584754D-01 1.814466324D-01 1.475649030D-01
 1.193882628D-01 9.608340602D-02
SUMEC
 0.000000000D+00
EC
-2.889268272D+02-2.988592812D+01-3.003904888D+00-2.411235814D+01-1.632333318D+00
POT:
  327    1     0.03000     3.25796
 1.247087534E+02 1.248867377E+02 1.250719645E+02 1.251815253E+02 1.252611954E+02
 1.253263172E+02 1.253805782E+02 1.254276394E+02 1.254694393E+02 1.255072495E+02
 1.255419411E+02 1.255741362E+02 1.256042944E+02 1.256327657E+02 1.256598224E+02
 1.256856813E+02 1.257105175E+02 1.257344749E+02 1.257576735E+02 1.257802141E+02
 1.258021827E+02 1.258236535E+02 1.258446904E+02 1.258653499E+02 1.258856814E+02
 1.259057292E+02 1.259255325E+02 1.259451269E+02 1.259645446E+02 1.259838149E+02
 1.260029648E+02 1.260220190E+02 1.260410003E+02 1.260599303E+02 1.260788288E+02
 1.260977146E+02 1.261166053E+02 1.261355178E+02 1.261544679E+02 1.261734708E+02
 1.261925412E+02 1.262116929E+02 1.262309395E+02 1.262502941E+02 1.262697691E+02
 1.262893771E+02 1.263091298E+02 1.263290391E+02 1.263491163E+02 1.263693728E+02
 1.263898195E+02 1.264104673E+02 1.264313269E+02 1.264524088E+02 1.264737236E+02
 1.264952814E+02 1.265170924E+02 1.265391669E+02 1.265615146E+02 1.265841457E+02
 1.266070698E+02 1.266302967E+02 1.266538360E+02 1.266776972E+02 1.267018898E+02
 1.267264232E+02 1.267513065E+02 1.267765488E+02 1.268021592E+02 1.268281465E+02
 1.268545194E+02 1.268812864E+02 1.269084560E+02 1.269360361E+02 1.269640348E+02
 1.269924598E+02 1.270213185E+02 1.270506180E+02 1.270803652E+02 1.271105666E+02
 1.271412282E+02 1.271723557E+02 1.272039544E+02 1.272360290E+02 1.272685837E+02
 1.273016222E+02 1.273351475E+02 1.273691618E+02 1.274036669E+02 1.274386634E+02
 1.274741514E+02 1.275101299E+02 1.275465969E+02 1.275835495E+02 1.276209835E+02
 1.276588935E+02 1.276972728E+02 1.277361135E+02 1.277754061E+02 1.278151392E+02
 1.278553003E+02 1.278958746E+02 1.279368456E+02 1.279781948E+02 1.280199015E+02
 1.280619427E+02 1.281042929E+02 1.281469242E+02 1.281898059E+02 1.282329043E+02
 1.282761828E+02 1.283196017E+02 1.283631178E+02 1.284066844E+02 1.284502509E+02
 1.284937632E+02 1.285371626E+02 1.285803863E+02 1.286233672E+02 1.286660331E+02
 1.287083070E+02 1.287501068E+02 1.287913450E+02 1.288319284E+02 1.288717580E+02
 1.289107288E+02 1.289487294E+02 1.289856420E+02 1.290213417E+02 1.290556971E+02
 1.290885691E+02 1.291198115E+02 1.291492702E+02 1.291767834E+02 1.292021811E+02
 1.292252850E+02 1.292459085E+02 1.292638563E+02 1.292789242E+02 1.292908994E+02
 1.292995597E+02 1.293046742E+02 1.293060025E+02 1.293032953E+02 1.292962940E+02
 1.292847307E+02 1.292683286E+02 1.292468019E+02 1.292198560E+02 1.291871877E+02
 1.291484854E+02 1.291034297E+02 1.290516933E+02 1.289929418E+02 1.289268342E+02
 1.288530231E+02 1.287711558E+02 1.286808748E+02 1.285818185E+02 1.284736223E+02
 1.283559191E+02 1.282283409E+02 1.280905194E+02 1.279420875E+02 1.277826804E+02
 1.276119368E+02 1.274295006E+02 1.272350221E+02 1.270281596E+02 1.268085809E+02
 1.265759651E+02 1.263300039E+02 1.260704036E+02 1.257968867E+02 1.255091932E+02
 1.252070829E+02 1.248903363E+02 1.245587565E+02 1.242121707E+02 1.238504313E+02
 1.234734171E+02 1.230810345E+02 1.226732181E+02 1.222499316E+02 1.218111678E+02
 1.213569490E+02 1.208873263E+02 1.204023797E+02 1.199022162E+02 1.193869695E+02
 1.188567971E+02 1.183118791E+02 1.177524148E+02 1.171786201E+02 1.165907235E+02
 1.159889626E+02 1.153735797E+02 1.147448168E+02 1.141029113E+02 1.134480909E+02
 1.127805684E+02 1.121005375E+02 1.114081680E+02 1.107036025E+02 1.099869536E+02
 1.092583022E+02 1.085176978E+02 1.077651600E+02 1.070006824E+02 1.062242389E+02
 1.054357916E+02 1.046353014E+02 1.038227402E+02 1.029981042E+02 1.021614277E+02
 1.013127959E+02 1.004523567E+02 9.958032808E+01 9.869700299E+01 9.780274827E+01
 9.689799902E+01 9.598324787E+01 9.505903005E+01 9.412590534E+01 9.318443851E+01
 9.223517955E+01 9.127864545E+01 9.031530475E+01 8.934556572E+01 8.836976894E+01
 8.738818431E+01 8.640101250E+01 8.540839041E+01 8.441040010E+01 8.340708045E+01
 8.239844090E+01 8.138447655E+01 8.036518382E+01 7.934057618E+01 7.831069928E+01
 7.727564496E+01 7.623556385E+01 7.519067601E+01 7.414127951E+01 7.308775649E+01
 7.203057678E+01 7.097029879E+01 6.990756759E+01 6.884311032E+01 6.777772879E+01
 6.671228953E+01 6.564771118E+01 6.458494971E+01 6.352498139E+01 6.246878400E+01
 6.141731654E+01 6.037149784E+01 5.933218467E+01 5.830014989E+01 5.727606163E+01
 5.626046449E+01 5.525376431E+01 5.425621840E+01 5.326793339E+01 5.228887358E+01
 5.131888207E+01 5.035771669E+01 4.940510052E+01 4.846078379E+01 4.752460992E+01
 4.659657454E+01 4.567686475E+01 4.476586847E+01 4.386414959E+01 4.297239378E+01
 4.209133669E+01 4.122168958E+01 4.036407558E+01 3.951898498E+01 3.868675194E+01
 3.786755074E+01 3.706140709E+01 3.626821936E+01 3.548778506E+01 3.471982891E+01
 3.396402995E+01 3.322004611E+01 3.248753519E+01 3.176617209E+01 3.105566207E+01
 3.035575023E+01 2.966622756E+01 2.898693384E+01 2.831775785E+01 2.765863523E+01
 2.700954438E+01 2.637050091E+01 2.574155074E+01 2.512276253E+01 2.451421931E+01
 2.391601001E+01 2.332822070E+01 2.275092607E+01 2.218418099E+01 2.162801252E+01
 2.108241241E+01 2.054733017E+01 2.002266716E+01 1.950827182E+01 1.900393696E+01
 1.850939972E+01 1.802434564E+01 1.754841805E+01 1.708123387E+01 1.662240597E+01
 1.617157016E+01 1.572841243E+01 1.529269015E+01 1.486424069E+01 1.444297375E+01
 1.402884870E+01 1.362184254E+01 1.322191640E+01 1.282898715E+01 1.244290753E+01
 1.206345641E+01 1.169033595E+01
 
PPAR:  Ca    VES=  0.053355
 L       ENU        C       +/-DEL   1/SQRT(P)     GAMMA      ALPHA
 0 -0.4016268 -0.0134882 -0.1667854  4.4119268  0.5115179  0.5115179
 1 -0.3461024  0.8336254  0.2382759  3.1239959  0.2104397  0.2104397
 2 -0.3470948  0.4003339  0.0962157  1.8535334  0.0795211  0.0795211
 3 -0.1369390  2.5496720  0.3493776  8.0254909  0.1085844  0.1085844
