# omega, I_mm' (mm'= -2-2 -2-1 -20 -21 -22 -1-2 .. .. 22) [-2=ixy -1=iyz 0=z2 1=zx 2=x2]
  357.83254  0.00291  -0.00020  -0.00020  -0.00020  -0.00084  -0.00020   0.00291  -0.00068  -0.00020  -0.00036  -0.00020  -0.00068   0.00787  -0.00068  -0.00016  -0.00020  -0.00020  -0.00068   0.00291  -0.00036  -0.00084  -0.00036  -0.00016  -0.00036   0.00787 
  357.90057  0.00297  -0.00021  -0.00020  -0.00021  -0.00084  -0.00021   0.00297  -0.00068  -0.00021  -0.00036  -0.00020  -0.00068   0.00764  -0.00068  -0.00016  -0.00021  -0.00021  -0.00068   0.00297  -0.00036  -0.00084  -0.00036  -0.00016  -0.00036   0.00764 
  357.96860  0.00304  -0.00022  -0.00021  -0.00022  -0.00085  -0.00022   0.00304  -0.00069  -0.00022  -0.00037  -0.00021  -0.00069   0.00744  -0.00069  -0.00016  -0.00022  -0.00022  -0.00069   0.00304  -0.00037  -0.00085  -0.00037  -0.00016  -0.00037   0.00744 
  358.03663  0.00311  -0.00023  -0.00021  -0.00023  -0.00085  -0.00023   0.00311  -0.00069  -0.00023  -0.00037  -0.00021  -0.00069   0.00727  -0.00069  -0.00016  -0.00023  -0.00023  -0.00069   0.00311  -0.00037  -0.00085  -0.00037  -0.00016  -0.00037   0.00727 
  358.10466  0.00318  -0.00024  -0.00021  -0.00024  -0.00087  -0.00024   0.00318  -0.00070  -0.00024  -0.00037  -0.00021  -0.00070   0.00712  -0.00070  -0.00016  -0.00024  -0.00024  -0.00070   0.00318  -0.00037  -0.00087  -0.00037  -0.00016  -0.00037   0.00712 
  358.17268  0.00327  -0.00025  -0.00021  -0.00025  -0.00088  -0.00025   0.00327  -0.00071  -0.00025  -0.00038  -0.00021  -0.00071   0.00700  -0.00071  -0.00017  -0.00025  -0.00025  -0.00071   0.00327  -0.00038  -0.00088  -0.00038  -0.00017  -0.00038   0.00700 
  358.24071  0.00336  -0.00027  -0.00022  -0.00027  -0.00089  -0.00027   0.00336  -0.00073  -0.00027  -0.00039  -0.00022  -0.00073   0.00689  -0.00073  -0.00017  -0.00027  -0.00027  -0.00073   0.00336  -0.00039  -0.00089  -0.00039  -0.00017  -0.00039   0.00689 
  358.30874  0.00346  -0.00028  -0.00022  -0.00028  -0.00091  -0.00028   0.00346  -0.00074  -0.00028  -0.00039  -0.00022  -0.00074   0.00680  -0.00074  -0.00017  -0.00028  -0.00028  -0.00074   0.00346  -0.00039  -0.00091  -0.00039  -0.00017  -0.00039   0.00680 
  358.37677  0.00357  -0.00030  -0.00023  -0.00030  -0.00093  -0.00030   0.00357  -0.00076  -0.00030  -0.00040  -0.00023  -0.00076   0.00674  -0.00076  -0.00017  -0.00030  -0.00030  -0.00076   0.00357  -0.00040  -0.00093  -0.00040  -0.00017  -0.00040   0.00674 
  358.44480  0.00369  -0.00032  -0.00023  -0.00032  -0.00095  -0.00032   0.00369  -0.00077  -0.00032  -0.00041  -0.00023  -0.00077   0.00669  -0.00077  -0.00018  -0.00032  -0.00032  -0.00077   0.00369  -0.00041  -0.00095  -0.00041  -0.00018  -0.00041   0.00669 
  358.51283  0.00383  -0.00034  -0.00024  -0.00034  -0.00097  -0.00034   0.00383  -0.00079  -0.00034  -0.00042  -0.00024  -0.00079   0.00669  -0.00079  -0.00018  -0.00034  -0.00034  -0.00079   0.00383  -0.00042  -0.00097  -0.00042  -0.00018  -0.00042   0.00669 
  358.58086  0.00416  -0.00036  -0.00027  -0.00036  -0.00088  -0.00036   0.00416  -0.00073  -0.00036  -0.00042  -0.00027  -0.00073   0.00700  -0.00073  -0.00021  -0.00036  -0.00036  -0.00073   0.00416  -0.00042  -0.00088  -0.00042  -0.00021  -0.00042   0.00700 
  358.64889  0.00397  -0.00039  -0.00023  -0.00039  -0.00114  -0.00039   0.00397  -0.00091  -0.00039  -0.00046  -0.00023  -0.00091   0.00636  -0.00091  -0.00016  -0.00039  -0.00039  -0.00091   0.00397  -0.00046  -0.00114  -0.00046  -0.00016  -0.00046   0.00636 
  358.71692  0.00413  -0.00042  -0.00024  -0.00042  -0.00118  -0.00042   0.00413  -0.00094  -0.00042  -0.00047  -0.00024  -0.00094   0.00636  -0.00094  -0.00016  -0.00042  -0.00042  -0.00094   0.00413  -0.00047  -0.00118  -0.00047  -0.00016  -0.00047   0.00636 
  358.78495  0.00431  -0.00045  -0.00025  -0.00045  -0.00122  -0.00045   0.00431  -0.00098  -0.00045  -0.00049  -0.00025  -0.00098   0.00638  -0.00098  -0.00017  -0.00045  -0.00045  -0.00098   0.00431  -0.00049  -0.00122  -0.00049  -0.00017  -0.00049   0.00638 
  358.85297  0.00451  -0.00048  -0.00026  -0.00048  -0.00127  -0.00048   0.00451  -0.00102  -0.00048  -0.00051  -0.00026  -0.00102   0.00641  -0.00102  -0.00017  -0.00048  -0.00048  -0.00102   0.00451  -0.00051  -0.00127  -0.00051  -0.00017  -0.00051   0.00641 
  358.92100  0.00473  -0.00052  -0.00027  -0.00052  -0.00133  -0.00052   0.00473  -0.00106  -0.00052  -0.00053  -0.00027  -0.00106   0.00644  -0.00106  -0.00017  -0.00052  -0.00052  -0.00106   0.00473  -0.00053  -0.00133  -0.00053  -0.00017  -0.00053   0.00644 
  358.98903  0.00497  -0.00057  -0.00028  -0.00057  -0.00139  -0.00057   0.00497  -0.00111  -0.00057  -0.00056  -0.00028  -0.00111   0.00650  -0.00111  -0.00018  -0.00057  -0.00057  -0.00111   0.00497  -0.00056  -0.00139  -0.00056  -0.00018  -0.00056   0.00650 
  359.05706  0.00526  -0.00062  -0.00030  -0.00062  -0.00145  -0.00062   0.00526  -0.00116  -0.00062  -0.00059  -0.00030  -0.00116   0.00657  -0.00116  -0.00018  -0.00062  -0.00062  -0.00116   0.00526  -0.00059  -0.00145  -0.00059  -0.00018  -0.00059   0.00657 
  359.12509  0.00558  -0.00068  -0.00031  -0.00068  -0.00153  -0.00068   0.00558  -0.00122  -0.00068  -0.00062  -0.00031  -0.00122   0.00666  -0.00122  -0.00018  -0.00068  -0.00068  -0.00122   0.00558  -0.00062  -0.00153  -0.00062  -0.00018  -0.00062   0.00666 
  359.19312  0.00594  -0.00074  -0.00033  -0.00074  -0.00161  -0.00074   0.00594  -0.00129  -0.00074  -0.00065  -0.00033  -0.00129   0.00677  -0.00129  -0.00019  -0.00074  -0.00074  -0.00129   0.00594  -0.00065  -0.00161  -0.00065  -0.00019  -0.00065   0.00677 
  359.26115  0.00637  -0.00082  -0.00035  -0.00082  -0.00170  -0.00082   0.00637  -0.00137  -0.00082  -0.00069  -0.00035  -0.00137   0.00690  -0.00137  -0.00019  -0.00082  -0.00082  -0.00137   0.00637  -0.00069  -0.00170  -0.00069  -0.00019  -0.00069   0.00690 
  359.32918  0.00686  -0.00091  -0.00037  -0.00091  -0.00181  -0.00091   0.00686  -0.00145  -0.00091  -0.00073  -0.00037  -0.00145   0.00705  -0.00145  -0.00020  -0.00091  -0.00091  -0.00145   0.00686  -0.00073  -0.00181  -0.00073  -0.00020  -0.00073   0.00705 
  359.39721  0.00745  -0.00101  -0.00039  -0.00101  -0.00193  -0.00101   0.00745  -0.00154  -0.00101  -0.00078  -0.00039  -0.00154   0.00722  -0.00154  -0.00020  -0.00101  -0.00101  -0.00154   0.00745  -0.00078  -0.00193  -0.00078  -0.00020  -0.00078   0.00722 
  359.46524  0.00814  -0.00114  -0.00042  -0.00114  -0.00206  -0.00114   0.00814  -0.00165  -0.00114  -0.00083  -0.00042  -0.00165   0.00742  -0.00165  -0.00020  -0.00114  -0.00114  -0.00165   0.00814  -0.00083  -0.00206  -0.00083  -0.00020  -0.00083   0.00742 
  359.53326  0.00899  -0.00128  -0.00045  -0.00128  -0.00221  -0.00128   0.00899  -0.00177  -0.00128  -0.00089  -0.00045  -0.00177   0.00764  -0.00177  -0.00020  -0.00128  -0.00128  -0.00177   0.00899  -0.00089  -0.00221  -0.00089  -0.00020  -0.00089   0.00764 
  359.60129  0.01004  -0.00145  -0.00049  -0.00145  -0.00238  -0.00145   0.01004  -0.00191  -0.00145  -0.00096  -0.00049  -0.00191   0.00790  -0.00191  -0.00021  -0.00145  -0.00145  -0.00191   0.01004  -0.00096  -0.00238  -0.00096  -0.00021  -0.00096   0.00790 
  359.66932  0.01139  -0.00165  -0.00053  -0.00165  -0.00257  -0.00165   0.01139  -0.00206  -0.00165  -0.00104  -0.00053  -0.00206   0.00819  -0.00206  -0.00021  -0.00165  -0.00165  -0.00206   0.01139  -0.00104  -0.00257  -0.00104  -0.00021  -0.00104   0.00819 
  359.73735  0.01318  -0.00186  -0.00058  -0.00186  -0.00279  -0.00186   0.01318  -0.00224  -0.00186  -0.00113  -0.00058  -0.00224   0.00853  -0.00224  -0.00020  -0.00186  -0.00186  -0.00224   0.01318  -0.00113  -0.00279  -0.00113  -0.00020  -0.00113   0.00853 
  359.80538  0.01572  -0.00204  -0.00064  -0.00204  -0.00304  -0.00204   0.01572  -0.00244  -0.00204  -0.00124  -0.00064  -0.00244   0.00891  -0.00244  -0.00020  -0.00204  -0.00204  -0.00244   0.01572  -0.00124  -0.00304  -0.00124  -0.00020  -0.00124   0.00891 
  359.87341  0.01967  -0.00204  -0.00071  -0.00204  -0.00332  -0.00204   0.01967  -0.00267  -0.00204  -0.00137  -0.00071  -0.00267   0.00936  -0.00267  -0.00019  -0.00204  -0.00204  -0.00267   0.01967  -0.00137  -0.00332  -0.00137  -0.00019  -0.00137   0.00936 
  359.94144  0.02638  -0.00151  -0.00083  -0.00151  -0.00369  -0.00151   0.02638  -0.00297  -0.00151  -0.00155  -0.00083  -0.00297   0.00988  -0.00297  -0.00019  -0.00151  -0.00151  -0.00297   0.02638  -0.00155  -0.00369  -0.00155  -0.00019  -0.00155   0.00988 
  360.00947  0.03551  -0.00118  -0.00108  -0.00118  -0.00434  -0.00118   0.03551  -0.00352  -0.00118  -0.00189  -0.00108  -0.00352   0.01050  -0.00352  -0.00018  -0.00118  -0.00118  -0.00352   0.03551  -0.00189  -0.00434  -0.00189  -0.00018  -0.00189   0.01050 
  360.07750  0.04110  -0.00511  -0.00144  -0.00511  -0.00518  -0.00511   0.04110  -0.00424  -0.00511  -0.00237  -0.00144  -0.00424   0.01126  -0.00424  -0.00016  -0.00511  -0.00511  -0.00424   0.04110  -0.00237  -0.00518  -0.00237  -0.00016  -0.00237   0.01126 
  360.14553  0.05009  -0.01244  -0.00186  -0.01244  -0.00586  -0.01244   0.05009  -0.00486  -0.01244  -0.00286  -0.00186  -0.00486   0.01222  -0.00486  -0.00014  -0.01244  -0.01244  -0.00486   0.05009  -0.00286  -0.00586  -0.00286  -0.00014  -0.00286   0.01222 
  360.21355  0.07182  -0.02416  -0.00240  -0.02416  -0.00666  -0.02416   0.07182  -0.00560  -0.02416  -0.00347  -0.00240  -0.00560   0.01345  -0.00560  -0.00012  -0.02416  -0.02416  -0.00560   0.07182  -0.00347  -0.00666  -0.00347  -0.00012  -0.00347   0.01345 
  360.28158  0.11719  -0.04604  -0.00231  -0.04604  -0.00871  -0.04604   0.11719  -0.00711  -0.04604  -0.00391  -0.00231  -0.00711   0.01493  -0.00711   0.00009  -0.04604  -0.04604  -0.00711   0.11719  -0.00391  -0.00871  -0.00391   0.00009  -0.00391   0.01493 
  360.34961  0.20529  -0.08745  -0.00096  -0.08745  -0.01317  -0.08745   0.20529  -0.01012  -0.08745  -0.00401  -0.00096  -0.01012   0.01678  -0.01012   0.00069  -0.08745  -0.08745  -0.01012   0.20529  -0.00401  -0.01317  -0.00401   0.00069  -0.00401   0.01678 
  360.41764  0.25671  -0.10731  -0.00047  -0.10731  -0.01920  -0.10731   0.25671  -0.01452  -0.10731  -0.00515  -0.00047  -0.01452   0.01988  -0.01452   0.00151  -0.10731  -0.10731  -0.01452   0.25671  -0.00515  -0.01920  -0.00515   0.00151  -0.00515   0.01988 
  360.48567  0.19338  -0.06270  -0.00301  -0.06270  -0.02756  -0.06270   0.19338  -0.02142  -0.06270  -0.00915  -0.00301  -0.02142   0.02543  -0.02142   0.00301  -0.06270  -0.06270  -0.02142   0.19338  -0.00915  -0.02756  -0.00915   0.00301  -0.00915   0.02543 
  360.55370  0.16399  -0.02308  -0.00762  -0.02308  -0.04203  -0.02308   0.16399  -0.03343  -0.02308  -0.01622  -0.00762  -0.03343   0.03417  -0.03343   0.00548  -0.02308  -0.02308  -0.03343   0.16399  -0.01622  -0.04203  -0.01622   0.00548  -0.01622   0.03417 
  360.62173  0.15554  -0.01210  -0.00728  -0.01210  -0.04534  -0.01210   0.15554  -0.03582  -0.01210  -0.01679  -0.00728  -0.03582   0.03530  -0.03582   0.00524  -0.01210  -0.01210  -0.03582   0.15554  -0.01679  -0.04534  -0.01679   0.00524  -0.01679   0.03530 
  360.68976  0.14717  -0.03130  -0.00009  -0.03130  -0.03440  -0.03130   0.14717  -0.02582  -0.03130  -0.00867  -0.00009  -0.02582   0.02858  -0.02582   0.00211  -0.03130  -0.03130  -0.02582   0.14717  -0.00867  -0.03440  -0.00867   0.00211  -0.00867   0.02858 
  360.75779  0.19656  -0.06825   0.00787  -0.06825  -0.03452  -0.06825   0.19656  -0.02392  -0.06825  -0.00273   0.00787  -0.02392   0.02739  -0.02392   0.00041  -0.06825  -0.06825  -0.02392   0.19656  -0.00273  -0.03452  -0.00273   0.00041  -0.00273   0.02739 
  360.82582  0.36393  -0.15424   0.02128  -0.15424  -0.04820  -0.15424   0.36393  -0.03083  -0.15424   0.00391   0.02128  -0.03083   0.03053  -0.03083  -0.00059  -0.15424  -0.15424  -0.03083   0.36393   0.00391  -0.04820   0.00391  -0.00059   0.00391   0.03053 
  360.89384  0.49633  -0.21675   0.02547  -0.21675  -0.05772  -0.21675   0.49633  -0.03692  -0.21676   0.00467   0.02547  -0.03692   0.03529  -0.03692   0.00013  -0.21675  -0.21676  -0.03692   0.49633   0.00467  -0.05772   0.00467   0.00013   0.00467   0.03529 
  360.96187  0.28084  -0.09929   0.00257  -0.09929  -0.04569  -0.09929   0.28084  -0.03362  -0.09929  -0.00949   0.00257  -0.03362   0.04130  -0.03362   0.00346  -0.09929  -0.09929  -0.03362   0.28084  -0.00949  -0.04569  -0.00949   0.00346  -0.00949   0.04130 
  361.02990  0.17156  -0.02515  -0.01187  -0.02515  -0.05117  -0.02515   0.17156  -0.04134  -0.02515  -0.02170  -0.01187  -0.04134   0.05327  -0.04134   0.00716  -0.02515  -0.02515  -0.04134   0.17156  -0.02170  -0.05117  -0.02170   0.00716  -0.02170   0.05327 
  361.09793  0.16140   0.01959  -0.02465   0.01959  -0.07646   0.01959   0.16140  -0.06351   0.01959  -0.03760  -0.02465  -0.06351   0.07505  -0.06351   0.01325   0.01959   0.01959  -0.06351   0.16140  -0.03760  -0.07646  -0.03760   0.01325  -0.03760   0.07505 
  361.16596  0.22416   0.07329  -0.04514   0.07329  -0.13251   0.07329   0.22416  -0.11067   0.07329  -0.06698  -0.04514  -0.11067   0.11531  -0.11067   0.02499   0.07329   0.07329  -0.11067   0.22416  -0.06698  -0.13251  -0.06698   0.02499  -0.06698   0.11531 
  361.23399  0.36906   0.15731  -0.07775   0.15731  -0.22749   0.15731   0.36906  -0.19005   0.15731  -0.11518  -0.07775  -0.19005   0.17526  -0.19005   0.04280   0.15731   0.15731  -0.19005   0.36906  -0.11518  -0.22749  -0.11518   0.04280  -0.11518   0.17526 
  361.30202  0.42317   0.19109  -0.08383   0.19109  -0.24329   0.19109   0.42317  -0.20343   0.19109  -0.12369  -0.08383  -0.20343   0.17447  -0.20343   0.03990   0.19109   0.19109  -0.20343   0.42317  -0.12369  -0.24329  -0.12369   0.03990  -0.12369   0.17447 
  361.37005  0.27480   0.12115  -0.04895   0.12115  -0.13603   0.12115   0.27480  -0.11426   0.12115  -0.07072  -0.04895  -0.11426   0.10342  -0.11426   0.01279   0.12115   0.12115  -0.11426   0.27480  -0.07072  -0.13603  -0.07072   0.01279  -0.07072   0.10342 
  361.43808  0.16025   0.06665  -0.02545   0.06665  -0.06274   0.06665   0.16025  -0.05342   0.06665  -0.03477  -0.02545  -0.05342   0.06403  -0.05342  -0.00508   0.06665   0.06665  -0.05342   0.16025  -0.03477  -0.06274  -0.03477  -0.00508  -0.03477   0.06403 
  361.50611  0.10196   0.03935  -0.01491   0.03935  -0.02776   0.03935   0.10196  -0.02454   0.03935  -0.01812  -0.01491  -0.02454   0.05211  -0.02454  -0.01550   0.03935   0.03935  -0.02454   0.10196  -0.01812  -0.02776  -0.01812  -0.01550  -0.01812   0.05211 
  361.57413  0.07093   0.02505  -0.01051   0.02505  -0.01022   0.02505   0.07093  -0.01029   0.02505  -0.01044  -0.01051  -0.01029   0.05250  -0.01029  -0.02403   0.02505   0.02505  -0.01029   0.07093  -0.01044  -0.01022  -0.01044  -0.02403  -0.01044   0.05250 
  361.64216  0.05276   0.01673  -0.00914   0.01673  -0.00063   0.01673   0.05276  -0.00276   0.01673  -0.00701  -0.00914  -0.00276   0.05869  -0.00276  -0.03328   0.01673   0.01673  -0.00276   0.05276  -0.00701  -0.00063  -0.00701  -0.03328  -0.00701   0.05869 
  361.71019  0.04141   0.01153  -0.00925   0.01153   0.00508   0.01153   0.04141   0.00150   0.01153  -0.00567  -0.00925   0.00150   0.06783   0.00150  -0.04392   0.01153   0.01153   0.00150   0.04141  -0.00567   0.00508  -0.00567  -0.04392  -0.00567   0.06783 
  361.77822  0.03397   0.00817  -0.00963   0.00817   0.00853   0.00817   0.03397   0.00399   0.00817  -0.00509  -0.00963   0.00399   0.07748   0.00399  -0.05454   0.00817   0.00817   0.00399   0.03397  -0.00509   0.00853  -0.00509  -0.05454  -0.00509   0.07748 
  361.84625  0.02875   0.00605  -0.00910   0.00605   0.00993   0.00605   0.02875   0.00517   0.00605  -0.00435  -0.00910   0.00517   0.08448   0.00517  -0.06204   0.00605   0.00605   0.00517   0.02875  -0.00435   0.00993  -0.00435  -0.06204  -0.00435   0.08448 
  361.91428  0.02479   0.00478  -0.00706   0.00478   0.00933   0.00478   0.02479   0.00523   0.00478  -0.00296  -0.00706   0.00523   0.08730   0.00523  -0.06483   0.00478   0.00478   0.00523   0.02479  -0.00296   0.00933  -0.00296  -0.06483  -0.00296   0.08730 
  361.98231  0.02173   0.00403  -0.00392   0.00403   0.00744   0.00403   0.02173   0.00460   0.00403  -0.00108  -0.00392   0.00460   0.08879   0.00460  -0.06565   0.00403   0.00403   0.00460   0.02173  -0.00108   0.00744  -0.00108  -0.06565  -0.00108   0.08879 
  362.05034  0.01945   0.00354  -0.00035   0.00354   0.00509   0.00354   0.01945   0.00373   0.00354   0.00101  -0.00035   0.00373   0.09376   0.00373  -0.06929   0.00354   0.00354   0.00373   0.01945   0.00101   0.00509   0.00101  -0.06929   0.00101   0.09376 
  362.11837  0.01784   0.00318   0.00336   0.00318   0.00266   0.00318   0.01784   0.00283   0.00318   0.00318   0.00336   0.00283   0.10565   0.00283  -0.07908   0.00318   0.00318   0.00283   0.01784   0.00318   0.00266   0.00318  -0.07908   0.00318   0.10565 
  362.18640  0.01676   0.00290   0.00707   0.00290   0.00036   0.00290   0.01676   0.00204   0.00290   0.00539   0.00707   0.00204   0.12448   0.00204  -0.09494   0.00290   0.00290   0.00204   0.01676   0.00539   0.00036   0.00539  -0.09494   0.00539   0.12448 
  362.25442  0.01602   0.00274   0.01009   0.00274  -0.00102   0.00274   0.01602   0.00175   0.00274   0.00731   0.01009   0.00175   0.14293   0.00175  -0.10934   0.00274   0.00274   0.00175   0.01602   0.00731  -0.00102   0.00731  -0.10934   0.00731   0.14293 
  362.32245  0.01542   0.00276   0.01117   0.00276  -0.00013   0.00276   0.01542   0.00269   0.00276   0.00835   0.01117   0.00269   0.14702   0.00269  -0.10800   0.00276   0.00276   0.00269   0.01542   0.00835  -0.00013   0.00835  -0.10800   0.00835   0.14702 
  362.39048  0.01495   0.00295   0.01034   0.00295   0.00316   0.00295   0.01495   0.00496   0.00295   0.00855   0.01034   0.00496   0.13424   0.00496  -0.08791   0.00295   0.00295   0.00496   0.01495   0.00855   0.00316   0.00855  -0.08791   0.00855   0.13424 
  362.45851  0.01475   0.00326   0.00912   0.00326   0.00757   0.00326   0.01475   0.00796   0.00326   0.00873   0.00912   0.00796   0.11792   0.00796  -0.06171   0.00326   0.00326   0.00796   0.01475   0.00873   0.00757   0.00873  -0.06171   0.00873   0.11792 
  362.52654  0.01496   0.00369   0.00854   0.00369   0.01239   0.00369   0.01496   0.01143   0.00369   0.00950   0.00854   0.01143   0.10837   0.01143  -0.03852   0.00369   0.00369   0.01143   0.01496   0.00950   0.01239   0.00950  -0.03852   0.00950   0.10837 
  362.59457  0.01567   0.00427   0.00889   0.00427   0.01787   0.00427   0.01567   0.01563   0.00427   0.01114   0.00889   0.01563   0.10858   0.01563  -0.01951   0.00427   0.00427   0.01563   0.01567   0.01114   0.01787   0.01114  -0.01951   0.01114   0.10858 
  362.66260  0.01704   0.00512   0.01026   0.00512   0.02480   0.00512   0.01704   0.02117   0.00512   0.01389   0.01026   0.02117   0.11959   0.02117  -0.00270   0.00512   0.00512   0.02117   0.01704   0.01389   0.02480   0.01389  -0.00270   0.01389   0.11959 
  362.73063  0.01932   0.00638   0.01285   0.00638   0.03438   0.00638   0.01932   0.02900   0.00638   0.01823   0.01285   0.02900   0.14374   0.02900   0.01457   0.00638   0.00638   0.02900   0.01932   0.01823   0.03438   0.01823   0.01457   0.01823   0.14374 
  362.79866  0.02295   0.00829   0.01713   0.00829   0.04833   0.00829   0.02295   0.04053   0.00829   0.02493   0.01713   0.04053   0.18587   0.04053   0.03526   0.00829   0.00829   0.04053   0.02295   0.02493   0.04833   0.02493   0.03526   0.02493   0.18587 
  362.86669  0.02847   0.01113   0.02373   0.01113   0.06875   0.01113   0.02847   0.05749   0.01113   0.03498   0.02373   0.05749   0.25287   0.05749   0.06256   0.01113   0.01113   0.05749   0.02847   0.03498   0.06875   0.03498   0.06256   0.03498   0.25288 
  362.93471  0.03585   0.01489   0.03267   0.01489   0.09588   0.01489   0.03585   0.08007   0.01489   0.04847   0.03267   0.08007   0.34592   0.08007   0.09742   0.01489   0.01489   0.08007   0.03585   0.04847   0.09588   0.04847   0.09742   0.04847   0.34592 
  363.00274  0.04249   0.01826   0.04099   0.01826   0.12095   0.01826   0.04249   0.10096   0.01826   0.06098   0.04099   0.10096   0.43511   0.10096   0.13016   0.01826   0.01826   0.10096   0.04249   0.06098   0.12095   0.06098   0.13016   0.06098   0.43512 
  363.07077  0.04287   0.01846   0.04206   0.01846   0.12443   0.01846   0.04287   0.10384   0.01846   0.06266   0.04206   0.10384   0.45101   0.10384   0.13765   0.01846   0.01846   0.10384   0.04287   0.06266   0.12443   0.06266   0.13765   0.06266   0.45100 
  363.13880  0.03622   0.01512   0.03468   0.01512   0.10273   0.01512   0.03622   0.08572   0.01512   0.05169   0.03468   0.08572   0.37768   0.08572   0.11473   0.01512   0.01512   0.08572   0.03622   0.05169   0.10273   0.05169   0.11473   0.05169   0.37768 
  363.20683  0.02806   0.01100   0.02522   0.01100   0.07484   0.01100   0.02806   0.06243   0.01100   0.03762   0.02522   0.06243   0.28029   0.06243   0.08337   0.01100   0.01100   0.06243   0.02806   0.03762   0.07484   0.03762   0.08337   0.03762   0.28028 
  363.27486  0.02173   0.00779   0.01776   0.00779   0.05285   0.00779   0.02173   0.04408   0.00779   0.02654   0.01776   0.04408   0.20222   0.04408   0.05826   0.00779   0.00779   0.04408   0.02173   0.02654   0.05285   0.02654   0.05826   0.02654   0.20222 
  363.34289  0.01747   0.00562   0.01268   0.00562   0.03787   0.00562   0.01747   0.03158   0.00562   0.01898   0.01268   0.03158   0.14830   0.03158   0.04107   0.00562   0.00562   0.03158   0.01747   0.01898   0.03787   0.01898   0.04107   0.01898   0.14830 
  363.41092  0.01466   0.00418   0.00930   0.00418   0.02793   0.00418   0.01466   0.02327   0.00418   0.01396   0.00930   0.02327   0.11207   0.02327   0.02967   0.00418   0.00418   0.02327   0.01466   0.01396   0.02793   0.01396   0.02967   0.01396   0.11206 
  363.47895  0.01280   0.00320   0.00701   0.00320   0.02122   0.00320   0.01280   0.01767   0.00320   0.01056   0.00701   0.01767   0.08735   0.01767   0.02202   0.00320   0.00320   0.01767   0.01280   0.01056   0.02122   0.01056   0.02202   0.01056   0.08735 
  363.54698  0.01153   0.00251   0.00542   0.00251   0.01657   0.00251   0.01153   0.01378   0.00251   0.00821   0.00542   0.01378   0.07003   0.01378   0.01675   0.00251   0.00251   0.01378   0.01153   0.00821   0.01657   0.00821   0.01675   0.00821   0.07003 
  363.61500  0.01064   0.00201   0.00428   0.00201   0.01325   0.00201   0.01064   0.01101   0.00201   0.00652   0.00428   0.01101   0.05753   0.01101   0.01302   0.00201   0.00201   0.01101   0.01064   0.00652   0.01325   0.00652   0.01302   0.00652   0.05753 
  363.68303  0.01002   0.00164   0.00344   0.00164   0.01080   0.00164   0.01002   0.00896   0.00164   0.00528   0.00344   0.00896   0.04827   0.00896   0.01032   0.00164   0.00164   0.00896   0.01002   0.00528   0.01080   0.00528   0.01032   0.00528   0.04827 
  363.75106  0.00958   0.00134   0.00281   0.00134   0.00896   0.00134   0.00958   0.00742   0.00134   0.00434   0.00281   0.00742   0.04124   0.00742   0.00830   0.00134   0.00134   0.00742   0.00958   0.00434   0.00896   0.00434   0.00830   0.00434   0.04124 
  363.81909  0.00926   0.00111   0.00231   0.00111   0.00754   0.00111   0.00926   0.00623   0.00111   0.00362   0.00231   0.00623   0.03579   0.00623   0.00677   0.00111   0.00111   0.00623   0.00926   0.00362   0.00754   0.00362   0.00677   0.00362   0.03579 
  363.88712  0.00905   0.00091   0.00192   0.00091   0.00641   0.00091   0.00905   0.00529   0.00091   0.00304   0.00192   0.00529   0.03148   0.00529   0.00558   0.00091   0.00091   0.00529   0.00905   0.00304   0.00641   0.00304   0.00558   0.00304   0.03148 
  363.95515  0.00891   0.00074   0.00160   0.00074   0.00551   0.00074   0.00891   0.00453   0.00074   0.00258   0.00160   0.00453   0.02803   0.00453   0.00464   0.00074   0.00074   0.00453   0.00891   0.00258   0.00551   0.00258   0.00464   0.00258   0.02803 
  364.02318  0.00884   0.00060   0.00133   0.00060   0.00478   0.00060   0.00884   0.00392   0.00060   0.00219   0.00133   0.00392   0.02523   0.00392   0.00389   0.00060   0.00060   0.00392   0.00884   0.00219   0.00478   0.00219   0.00389   0.00219   0.02523 
  364.09121  0.00882   0.00046   0.00111   0.00046   0.00417   0.00046   0.00882   0.00341   0.00046   0.00187   0.00111   0.00341   0.02293   0.00341   0.00328   0.00046   0.00046   0.00341   0.00882   0.00187   0.00417   0.00187   0.00328   0.00187   0.02293 
  364.15924  0.00884   0.00034   0.00092   0.00034   0.00366   0.00034   0.00884   0.00297   0.00034   0.00160   0.00092   0.00297   0.02102   0.00297   0.00278   0.00034   0.00034   0.00297   0.00884   0.00160   0.00366   0.00160   0.00278   0.00160   0.02102 
  364.22727  0.00892   0.00022   0.00075   0.00022   0.00322   0.00022   0.00892   0.00260   0.00022   0.00137   0.00075   0.00260   0.01943   0.00260   0.00236   0.00022   0.00022   0.00260   0.00892   0.00137   0.00322   0.00137   0.00236   0.00137   0.01943 
  364.29529  0.00903   0.00010   0.00060   0.00010   0.00284   0.00010   0.00903   0.00228   0.00010   0.00116   0.00060   0.00228   0.01809   0.00228   0.00201   0.00010   0.00010   0.00228   0.00903   0.00116   0.00284   0.00116   0.00201   0.00116   0.01809 
  364.36332  0.00919  -0.00002   0.00046  -0.00002   0.00252  -0.00002   0.00919   0.00200  -0.00002   0.00097   0.00046   0.00200   0.01697   0.00200   0.00171  -0.00002  -0.00002   0.00200   0.00919   0.00097   0.00252   0.00097   0.00171   0.00097   0.01697 
  364.43135  0.00940  -0.00015   0.00033  -0.00015   0.00223  -0.00015   0.00940   0.00175  -0.00015   0.00080   0.00033   0.00175   0.01601   0.00175   0.00145  -0.00015  -0.00015   0.00175   0.00940   0.00080   0.00223   0.00080   0.00145   0.00080   0.01601 
  364.49938  0.00967  -0.00029   0.00020  -0.00029   0.00197  -0.00029   0.00967   0.00152  -0.00029   0.00064   0.00020   0.00152   0.01521   0.00152   0.00122  -0.00029  -0.00029   0.00152   0.00967   0.00064   0.00197   0.00064   0.00122   0.00064   0.01521 
  364.56741  0.01000  -0.00044   0.00007  -0.00044   0.00173  -0.00044   0.01000   0.00132  -0.00044   0.00049   0.00007   0.00132   0.01453   0.00132   0.00102  -0.00044  -0.00044   0.00132   0.01000   0.00049   0.00173   0.00049   0.00102   0.00049   0.01453 
  364.63544  0.01040  -0.00061  -0.00005  -0.00061   0.00152  -0.00061   0.01040   0.00113  -0.00061   0.00034  -0.00005   0.00113   0.01396   0.00113   0.00084  -0.00061  -0.00061   0.00113   0.01040   0.00034   0.00152   0.00034   0.00084   0.00034   0.01396 
  364.70347  0.01090  -0.00080  -0.00018  -0.00080   0.00133  -0.00080   0.01090   0.00095  -0.00080   0.00019  -0.00018   0.00095   0.01349   0.00095   0.00067  -0.00080  -0.00080   0.00095   0.01090   0.00019   0.00133   0.00019   0.00067   0.00019   0.01349 
  364.77150  0.01151  -0.00103  -0.00033  -0.00103   0.00115  -0.00103   0.01151   0.00078  -0.00103   0.00004  -0.00033   0.00078   0.01311   0.00078   0.00052  -0.00103  -0.00103   0.00078   0.01151   0.00004   0.00115   0.00004   0.00052   0.00004   0.01311 
  364.83953  0.01228  -0.00132  -0.00048  -0.00132   0.00099  -0.00132   0.01228   0.00062  -0.00132  -0.00012  -0.00048   0.00062   0.01281   0.00062   0.00038  -0.00132  -0.00132   0.00062   0.01228  -0.00012   0.00099  -0.00012   0.00038  -0.00012   0.01281 
  364.90756  0.01325  -0.00167  -0.00066  -0.00167   0.00084  -0.00167   0.01325   0.00047  -0.00167  -0.00029  -0.00066   0.00047   0.01259   0.00047   0.00024  -0.00167  -0.00167   0.00047   0.01325  -0.00029   0.00084  -0.00029   0.00024  -0.00029   0.01259 
  364.97558  0.01449  -0.00212  -0.00087  -0.00212   0.00072  -0.00212   0.01449   0.00032  -0.00212  -0.00047  -0.00087   0.00032   0.01243   0.00032   0.00011  -0.00212  -0.00212   0.00032   0.01449  -0.00047   0.00072  -0.00047   0.00011  -0.00047   0.01243 
  365.04361  0.01612  -0.00272  -0.00112  -0.00272   0.00061  -0.00272   0.01612   0.00018  -0.00272  -0.00069  -0.00112   0.00018   0.01235   0.00018  -0.00002  -0.00272  -0.00272   0.00018   0.01612  -0.00069   0.00061  -0.00069  -0.00002  -0.00069   0.01235 
  365.11164  0.01831  -0.00355  -0.00144  -0.00355   0.00055  -0.00355   0.01831   0.00005  -0.00355  -0.00095  -0.00144   0.00005   0.01235   0.00005  -0.00016  -0.00355  -0.00355   0.00005   0.01831  -0.00095   0.00055  -0.00095  -0.00016  -0.00095   0.01235 
  365.17967  0.02135  -0.00473  -0.00187  -0.00473   0.00054  -0.00473   0.02135  -0.00006  -0.00473  -0.00126  -0.00187  -0.00006   0.01242  -0.00006  -0.00030  -0.00473  -0.00473  -0.00006   0.02135  -0.00126   0.00054  -0.00126  -0.00030  -0.00126   0.01242 
  365.24770  0.02578  -0.00650  -0.00245  -0.00650   0.00065  -0.00650   0.02578  -0.00013  -0.00650  -0.00167  -0.00245  -0.00013   0.01258  -0.00013  -0.00047  -0.00650  -0.00650  -0.00013   0.02578  -0.00167   0.00065  -0.00167  -0.00047  -0.00167   0.01258 
  365.31573  0.03258  -0.00933  -0.00330  -0.00933   0.00095  -0.00933   0.03258  -0.00011  -0.00933  -0.00224  -0.00330  -0.00011   0.01285  -0.00011  -0.00067  -0.00933  -0.00933  -0.00011   0.03258  -0.00224   0.00095  -0.00224  -0.00067  -0.00224   0.01285 
  365.38376  0.04381  -0.01420  -0.00467  -0.01420   0.00166  -0.01420   0.04381   0.00008  -0.01420  -0.00309  -0.00467   0.00008   0.01326   0.00008  -0.00093  -0.01420  -0.01420   0.00008   0.04381  -0.00309   0.00166  -0.00309  -0.00093  -0.00309   0.01326 
  365.45179  0.06438  -0.02349  -0.00711  -0.02349   0.00331  -0.02349   0.06438   0.00071  -0.02349  -0.00450  -0.00711   0.00071   0.01391   0.00071  -0.00134  -0.02349  -0.02349   0.00071   0.06438  -0.00450   0.00331  -0.00450  -0.00134  -0.00450   0.01391 
  365.51982  0.10764  -0.04376  -0.01215  -0.04376   0.00737  -0.04376   0.10764   0.00249  -0.04376  -0.00727  -0.01215   0.00249   0.01502   0.00249  -0.00209  -0.04376  -0.04376   0.00249   0.10764  -0.00727   0.00737  -0.00727  -0.00209  -0.00727   0.01502 
  365.58785  0.21057  -0.09333  -0.02328  -0.09333   0.01725  -0.09333   0.21057   0.00711  -0.09333  -0.01315  -0.02328   0.00711   0.01687   0.00711  -0.00345  -0.09333  -0.09333   0.00711   0.21057  -0.01315   0.01725  -0.01315  -0.00345  -0.01315   0.01687 
  365.65587  0.41750  -0.19406  -0.04235  -0.19406   0.03466  -0.19406   0.41750   0.01540  -0.19406  -0.02310  -0.04235   0.01540   0.01918   0.01540  -0.00509  -0.19406  -0.19406   0.01540   0.41750  -0.02310   0.03466  -0.02310  -0.00509  -0.02310   0.01918 
  365.72390  0.40949  -0.18599  -0.03879  -0.18599   0.02880  -0.18599   0.40949   0.01190  -0.18599  -0.02189  -0.03879   0.01190   0.01938   0.01190  -0.00438  -0.18599  -0.18599   0.01190   0.40949  -0.02189   0.02880  -0.02189  -0.00438  -0.02189   0.01938 
  365.79193  0.21192  -0.08084  -0.01925  -0.08084   0.00595  -0.08084   0.21192  -0.00035  -0.08084  -0.01295  -0.01925  -0.00035   0.01863  -0.00035  -0.00237  -0.08084  -0.08084  -0.00035   0.21192  -0.01295   0.00595  -0.01295  -0.00237  -0.01295   0.01863 
  365.85996  0.12915  -0.02891  -0.01170  -0.02891  -0.00664  -0.02891   0.12915  -0.00790  -0.02891  -0.01043  -0.01170  -0.00790   0.01958  -0.00790  -0.00150  -0.02891  -0.02891  -0.00790   0.12915  -0.01043  -0.00664  -0.01043  -0.00150  -0.01043   0.01958 
  365.92799  0.10920  -0.00021  -0.01022  -0.00021  -0.01635  -0.00021   0.10920  -0.01482  -0.00021  -0.01175  -0.01022  -0.01482   0.02182  -0.01482  -0.00101  -0.00021  -0.00021  -0.01482   0.10920  -0.01175  -0.01635  -0.01175  -0.00101  -0.01175   0.02182 
  365.99602  0.12674   0.02708  -0.01216   0.02708  -0.02884   0.02708   0.12674  -0.02467   0.02708  -0.01633  -0.01216  -0.02467   0.02554  -0.02467  -0.00040   0.02708   0.02708  -0.02467   0.12674  -0.01633  -0.02884  -0.01633  -0.00040  -0.01633   0.02554 
  366.06405  0.18976   0.06865  -0.01779   0.06865  -0.04932   0.06865   0.18976  -0.04144   0.06865  -0.02567  -0.01779  -0.04144   0.03141  -0.04144   0.00066   0.06865   0.06865  -0.04144   0.18976  -0.02567  -0.04932  -0.02567   0.00066  -0.02567   0.03141 
  366.13208  0.30833   0.13394  -0.02650   0.13394  -0.07765   0.13394   0.30833  -0.06486   0.13394  -0.03929  -0.02650  -0.06486   0.03819  -0.06486   0.00176   0.13394   0.13394  -0.06486   0.30833  -0.03929  -0.07765  -0.03929   0.00176  -0.03929   0.03819 
  366.20011  0.35976   0.16351  -0.02658   0.16351  -0.07934   0.16351   0.35976  -0.06615   0.16351  -0.03977  -0.02658  -0.06615   0.03679  -0.06615  -0.00018   0.16351   0.16351  -0.06615   0.35976  -0.03977  -0.07934  -0.03977  -0.00018  -0.03977   0.03679 
  366.26814  0.25492   0.11369  -0.01507   0.11369  -0.04589   0.11369   0.25492  -0.03818   0.11369  -0.02277  -0.01507  -0.03818   0.02887  -0.03818  -0.00469   0.11369   0.11369  -0.03818   0.25492  -0.02277  -0.04589  -0.02277  -0.00469  -0.02277   0.02887 
  366.33616  0.15807   0.06710  -0.00675   0.06710  -0.02181   0.06710   0.15807  -0.01805   0.06710  -0.01052  -0.00675  -0.01805   0.02562  -0.01805  -0.00816   0.06710   0.06710  -0.01805   0.15807  -0.01052  -0.02181  -0.01052  -0.00816  -0.01052   0.02562 
  366.40419  0.10438   0.04158  -0.00263   0.04158  -0.01023   0.04158   0.10438  -0.00833   0.04159  -0.00453  -0.00263  -0.00833   0.02640  -0.00833  -0.01102   0.04158   0.04159  -0.00833   0.10438  -0.00453  -0.01023  -0.00453  -0.01102  -0.00453   0.02640 
  366.47222  0.07500   0.02789  -0.00051   0.02789  -0.00460   0.02789   0.07500  -0.00358   0.02789  -0.00153  -0.00051  -0.00358   0.02943  -0.00358  -0.01413   0.02789   0.02789  -0.00358   0.07500  -0.00153  -0.00460  -0.00153  -0.01413  -0.00153   0.02943 
  366.54025  0.05777   0.02003   0.00074   0.02003  -0.00162   0.02003   0.05777  -0.00103   0.02003   0.00015   0.00074  -0.00103   0.03426  -0.00103  -0.01811   0.02003   0.02003  -0.00103   0.05777   0.00015  -0.00162   0.00015  -0.01811   0.00015   0.03426 
  366.60828  0.04691   0.01520   0.00159   0.01520   0.00012   0.01520   0.04691   0.00048   0.01520   0.00122   0.00159   0.00048   0.04109   0.00048  -0.02355   0.01520   0.01520   0.00048   0.04691   0.00122   0.00012   0.00122  -0.02355   0.00122   0.04109 
  366.67631  0.03967   0.01204   0.00226   0.01204   0.00122   0.01204   0.03967   0.00148   0.01204   0.00200   0.00226   0.00148   0.05060   0.00148  -0.03125   0.01204   0.01204   0.00148   0.03967   0.00200   0.00122   0.00200  -0.03125   0.00200   0.05060 
  366.74434  0.03462   0.00989   0.00285   0.00989   0.00203   0.00989   0.03462   0.00223   0.00989   0.00264   0.00285   0.00223   0.06386   0.00223  -0.04227   0.00989   0.00989   0.00223   0.03462   0.00264   0.00203   0.00264  -0.04227   0.00264   0.06386 
  366.81237  0.03099   0.00838   0.00338   0.00838   0.00273   0.00838   0.03099   0.00289   0.00838   0.00322   0.00338   0.00289   0.08201   0.00289  -0.05768   0.00838   0.00838   0.00289   0.03099   0.00322   0.00273   0.00322  -0.05768   0.00322   0.08201 
  366.88040  0.02831   0.00729   0.00379   0.00729   0.00356   0.00729   0.02831   0.00362   0.00729   0.00373   0.00379   0.00362   0.10486   0.00362  -0.07722   0.00729   0.00729   0.00362   0.02831   0.00373   0.00356   0.00373  -0.07722   0.00373   0.10486 
  366.94843  0.02632   0.00651   0.00393   0.00651   0.00478   0.00651   0.02632   0.00457   0.00651   0.00414   0.00393   0.00457   0.12740   0.00457  -0.09570   0.00651   0.00651   0.00457   0.02632   0.00414   0.00478   0.00414  -0.09570   0.00414   0.12740 
  367.01645  0.02487   0.00596   0.00370   0.00596   0.00660   0.00596   0.02487   0.00587   0.00596   0.00443   0.00370   0.00587   0.13830   0.00587  -0.10158   0.00596   0.00596   0.00587   0.02487   0.00443   0.00660   0.00443  -0.10158   0.00443   0.13831 
  367.08448  0.02386   0.00560   0.00337   0.00560   0.00889   0.00560   0.02386   0.00751   0.00560   0.00475   0.00337   0.00751   0.13163   0.00751  -0.08860   0.00560   0.00560   0.00751   0.02386   0.00475   0.00889   0.00475  -0.08860   0.00475   0.13163 
  367.15251  0.02326   0.00541   0.00335   0.00541   0.01141   0.00541   0.02326   0.00939   0.00541   0.00536   0.00335   0.00939   0.11646   0.00939  -0.06540   0.00541   0.00541   0.00939   0.02326   0.00536   0.01141   0.00536  -0.06540   0.00536   0.11646 
  367.22054  0.02306   0.00539   0.00380   0.00539   0.01423   0.00539   0.02306   0.01162   0.00539   0.00641   0.00380   0.01162   0.10409   0.01162  -0.04264   0.00539   0.00539   0.01162   0.02306   0.00641   0.01423   0.00641  -0.04264   0.00641   0.10409 
  367.28857  0.02331   0.00558   0.00474   0.00558   0.01768   0.00558   0.02331   0.01445   0.00558   0.00798   0.00474   0.01445   0.09905   0.01445  -0.02392   0.00558   0.00558   0.01445   0.02331   0.00798   0.01768   0.00798  -0.02392   0.00798   0.09906 
  367.35660  0.02412   0.00603   0.00620   0.00603   0.02227   0.00603   0.02412   0.01825   0.00603   0.01022   0.00620   0.01825   0.10209   0.01825  -0.00853   0.00603   0.00603   0.01825   0.02412   0.01022   0.02227   0.01022  -0.00853   0.01022   0.10209 
  367.42463  0.02568   0.00684   0.00833   0.00684   0.02865   0.00684   0.02568   0.02357   0.00684   0.01341   0.00833   0.02357   0.11355   0.02357   0.00529   0.00684   0.00684   0.02357   0.02568   0.01341   0.02865   0.01341   0.00529   0.01341   0.11355 
  367.49266  0.02832   0.00819   0.01139   0.00819   0.03777   0.00819   0.02832   0.03117   0.00819   0.01798   0.01139   0.03117   0.13472   0.03117   0.01937   0.00819   0.00819   0.03117   0.02832   0.01798   0.03777   0.01798   0.01937   0.01798   0.13472 
  367.56069  0.03256   0.01032   0.01581   0.01032   0.05095   0.01032   0.03256   0.04217   0.01032   0.02459   0.01581   0.04217   0.16810   0.04217   0.03553   0.01032   0.01032   0.04217   0.03256   0.02459   0.05095   0.02459   0.03553   0.02459   0.16810 
  367.62872  0.03905   0.01357   0.02209   0.01357   0.06977   0.01357   0.03905   0.05785   0.01357   0.03401   0.02209   0.05785   0.21666   0.05785   0.05538   0.01357   0.01357   0.05785   0.03905   0.03401   0.06977   0.03401   0.05538   0.03401   0.21666 
  367.69674  0.04822   0.01814   0.03043   0.01814   0.09482   0.01814   0.04822   0.07872   0.01814   0.04653   0.03043   0.07872   0.28023   0.07872   0.07927   0.01814   0.01814   0.07872   0.04822   0.04653   0.09482   0.04653   0.07927   0.04653   0.28023 
  367.76477  0.05896   0.02349   0.03959   0.02349   0.12236   0.02349   0.05896   0.10166   0.02349   0.06028   0.03959   0.10166   0.34641   0.10166   0.10339   0.02349   0.02349   0.10166   0.05896   0.06028   0.12236   0.06028   0.10339   0.06028   0.34641 
  367.83280  0.06717   0.02756   0.04577   0.02756   0.14093   0.02756   0.06717   0.11714   0.02756   0.06956   0.04577   0.11714   0.38375   0.11714   0.11747   0.02756   0.02756   0.11714   0.06717   0.06956   0.14093   0.06956   0.11747   0.06956   0.38375 
  367.90083  0.06816   0.02805   0.04525   0.02805   0.13923   0.02805   0.06816   0.11573   0.02805   0.06874   0.04525   0.11573   0.36549   0.11573   0.11277   0.02805   0.02805   0.11573   0.06816   0.06874   0.13923   0.06874   0.11277   0.06874   0.36549 
  367.96886  0.06244   0.02519   0.03910   0.02519   0.12055   0.02519   0.06244   0.10019   0.02519   0.05946   0.03910   0.10019   0.30550   0.10019   0.09396   0.02519   0.02519   0.10019   0.06244   0.05946   0.12055   0.05946   0.09396   0.05946   0.30550 
  368.03689  0.05431   0.02114   0.03137   0.02114   0.09709   0.02114   0.05431   0.08066   0.02114   0.04780   0.03137   0.08066   0.23775   0.08066   0.07238   0.02114   0.02114   0.08066   0.05431   0.04780   0.09709   0.04780   0.07238   0.04780   0.23775 
  368.10492  0.04680   0.01739   0.02460   0.01739   0.07654   0.01739   0.04680   0.06355   0.01739   0.03758   0.02460   0.06355   0.18119   0.06355   0.05436   0.01739   0.01739   0.06355   0.04680   0.03758   0.07654   0.03758   0.05436   0.03758   0.18119 
  368.17295  0.04080   0.01439   0.01939   0.01439   0.06069   0.01439   0.04080   0.05037   0.01439   0.02971   0.01939   0.05037   0.13898   0.05037   0.04097   0.01439   0.01439   0.05037   0.04080   0.02971   0.06069   0.02971   0.04097   0.02971   0.13898 
  368.24098  0.03625   0.01211   0.01553   0.01211   0.04896   0.01211   0.03625   0.04060   0.01211   0.02389   0.01553   0.04060   0.10849   0.04060   0.03137   0.01211   0.01211   0.04060   0.03625   0.02389   0.04896   0.02389   0.03137   0.02389   0.10848 
  368.30901  0.03281   0.01038   0.01269   0.01038   0.04029   0.01038   0.03281   0.03339   0.01038   0.01959   0.01269   0.03339   0.08644   0.03339   0.02450   0.01038   0.01038   0.03339   0.03281   0.01959   0.04029   0.01959   0.02450   0.01959   0.08644 
  368.37703  0.03019   0.00906   0.01057   0.00906   0.03381   0.00906   0.03019   0.02800   0.00906   0.01638   0.01057   0.02800   0.07026   0.02800   0.01951   0.00906   0.00906   0.02800   0.03019   0.01638   0.03381   0.01638   0.01951   0.01638   0.07026 
  368.44506  0.02816   0.00803   0.00896   0.00803   0.02889   0.00803   0.02816   0.02390   0.00803   0.01394   0.00896   0.02390   0.05817   0.02390   0.01582   0.00803   0.00803   0.02390   0.02816   0.01394   0.02889   0.01394   0.01582   0.01394   0.05817 
  368.51309  0.02656   0.00721   0.00772   0.00721   0.02507   0.00721   0.02656   0.02073   0.00721   0.01206   0.00772   0.02073   0.04895   0.02073   0.01304   0.00721   0.00721   0.02073   0.02656   0.01206   0.02507   0.01206   0.01304   0.01206   0.04895 
  368.58112  0.02528   0.00656   0.00674   0.00656   0.02205   0.00656   0.02528   0.01822   0.00656   0.01057   0.00674   0.01822   0.04179   0.01822   0.01091   0.00656   0.00656   0.01822   0.02528   0.01057   0.02205   0.01057   0.01091   0.01057   0.04179 
  368.64915  0.02425   0.00602   0.00596   0.00602   0.01963   0.00602   0.02425   0.01621   0.00602   0.00938   0.00596   0.01621   0.03612   0.01621   0.00925   0.00602   0.00602   0.01621   0.02425   0.00938   0.01963   0.00938   0.00925   0.00938   0.03612 
  368.71718  0.02340   0.00557   0.00532   0.00557   0.01766   0.00557   0.02340   0.01457   0.00557   0.00841   0.00532   0.01457   0.03158   0.01457   0.00793   0.00557   0.00557   0.01457   0.02340   0.00841   0.01766   0.00841   0.00793   0.00841   0.03158 
  368.78521  0.02269   0.00520   0.00480   0.00520   0.01603   0.00520   0.02269   0.01322   0.00520   0.00761   0.00480   0.01322   0.02788   0.01322   0.00687   0.00520   0.00520   0.01322   0.02269   0.00761   0.01603   0.00761   0.00687   0.00761   0.02788 
  368.85324  0.02209   0.00488   0.00436   0.00488   0.01466   0.00488   0.02209   0.01209   0.00488   0.00694   0.00436   0.01209   0.02482   0.01209   0.00601   0.00488   0.00488   0.01209   0.02209   0.00694   0.01466   0.00694   0.00601   0.00694   0.02482 
  368.92127  0.02159   0.00460   0.00400   0.00460   0.01351   0.00460   0.02159   0.01113   0.00460   0.00637   0.00400   0.01113   0.02228   0.01113   0.00530   0.00460   0.00460   0.01113   0.02159   0.00637   0.01351   0.00637   0.00530   0.00637   0.02228 
  368.98930  0.02115   0.00436   0.00368   0.00436   0.01252   0.00436   0.02115   0.01031   0.00436   0.00589   0.00368   0.01031   0.02013   0.01031   0.00471   0.00436   0.00436   0.01031   0.02115   0.00589   0.01252   0.00589   0.00471   0.00589   0.02013 
  369.05732  0.02078   0.00415   0.00341   0.00415   0.01167   0.00415   0.02078   0.00961   0.00415   0.00548   0.00341   0.00961   0.01831   0.00961   0.00421   0.00415   0.00415   0.00961   0.02078   0.00548   0.01167   0.00548   0.00421   0.00548   0.01831 
  369.12535  0.02046   0.00397   0.00318   0.00397   0.01093   0.00397   0.02046   0.00899   0.00397   0.00512   0.00318   0.00899   0.01674   0.00899   0.00379   0.00397   0.00397   0.00899   0.02046   0.00512   0.01093   0.00512   0.00379   0.00512   0.01674 
  369.19338  0.02017   0.00380   0.00297   0.00380   0.01028   0.00380   0.02017   0.00845   0.00380   0.00480   0.00297   0.00845   0.01539   0.00845   0.00343   0.00380   0.00380   0.00845   0.02017   0.00480   0.01028   0.00480   0.00343   0.00480   0.01539 
  369.26141  0.01992   0.00365   0.00279   0.00365   0.00970   0.00365   0.01992   0.00798   0.00365   0.00452   0.00279   0.00798   0.01421   0.00798   0.00312   0.00365   0.00365   0.00798   0.01992   0.00452   0.00970   0.00452   0.00312   0.00452   0.01421 
  369.32944  0.01970   0.00352   0.00263   0.00352   0.00919   0.00352   0.01970   0.00755   0.00352   0.00427   0.00263   0.00755   0.01318   0.00755   0.00285   0.00352   0.00352   0.00755   0.01970   0.00427   0.00919   0.00427   0.00285   0.00427   0.01318 
  369.39747  0.01951   0.00339   0.00249   0.00339   0.00874   0.00339   0.01951   0.00718   0.00339   0.00405   0.00249   0.00718   0.01227   0.00718   0.00261   0.00339   0.00339   0.00718   0.01951   0.00405   0.00874   0.00405   0.00261   0.00405   0.01227 
  369.46550  0.01933   0.00328   0.00237   0.00328   0.00833   0.00328   0.01933   0.00684   0.00328   0.00386   0.00237   0.00684   0.01147   0.00684   0.00241   0.00328   0.00328   0.00684   0.01933   0.00386   0.00833   0.00386   0.00241   0.00386   0.01147 
  369.53353  0.01918   0.00318   0.00225   0.00318   0.00795   0.00318   0.01918   0.00653   0.00318   0.00368   0.00225   0.00653   0.01076   0.00653   0.00223   0.00318   0.00318   0.00653   0.01918   0.00368   0.00795   0.00368   0.00223   0.00368   0.01076 
  369.60156  0.01904   0.00309   0.00215   0.00309   0.00762   0.00309   0.01904   0.00625   0.00309   0.00352   0.00215   0.00625   0.01012   0.00625   0.00207   0.00309   0.00309   0.00625   0.01904   0.00352   0.00762   0.00352   0.00207   0.00352   0.01012 
  369.66959  0.01891   0.00300   0.00205   0.00300   0.00731   0.00300   0.01891   0.00600   0.00300   0.00337   0.00205   0.00600   0.00954   0.00600   0.00192   0.00300   0.00300   0.00600   0.01891   0.00337   0.00731   0.00337   0.00192   0.00337   0.00954 
  369.73761  0.01880   0.00292   0.00197   0.00292   0.00703   0.00292   0.01880   0.00576   0.00292   0.00323   0.00197   0.00576   0.00903   0.00576   0.00179   0.00292   0.00292   0.00576   0.01880   0.00323   0.00703   0.00323   0.00179   0.00323   0.00903 
  369.80564  0.01870   0.00285   0.00189   0.00285   0.00677   0.00285   0.01870   0.00555   0.00285   0.00311   0.00189   0.00555   0.00856   0.00555   0.00168   0.00285   0.00285   0.00555   0.01870   0.00311   0.00677   0.00311   0.00168   0.00311   0.00856 
  369.87367  0.01861   0.00278   0.00182   0.00278   0.00653   0.00278   0.01861   0.00535   0.00278   0.00300   0.00182   0.00535   0.00814   0.00535   0.00158   0.00278   0.00278   0.00535   0.01861   0.00300   0.00653   0.00300   0.00158   0.00300   0.00814 
  369.94170  0.01852   0.00271   0.00175   0.00271   0.00631   0.00271   0.01852   0.00517   0.00271   0.00289   0.00175   0.00517   0.00775   0.00517   0.00148   0.00271   0.00271   0.00517   0.01852   0.00289   0.00631   0.00289   0.00148   0.00289   0.00775 
  370.00973  0.01845   0.00265   0.00169   0.00265   0.00610   0.00265   0.01845   0.00500   0.00265   0.00279   0.00169   0.00500   0.00740   0.00500   0.00140   0.00265   0.00265   0.00500   0.01845   0.00279   0.00610   0.00279   0.00140   0.00279   0.00740 
  370.07776  0.01838   0.00259   0.00163   0.00259   0.00591   0.00259   0.01838   0.00484   0.00259   0.00270   0.00163   0.00484   0.00708   0.00484   0.00132   0.00259   0.00259   0.00484   0.01838   0.00270   0.00591   0.00270   0.00132   0.00270   0.00708 
  370.14579  0.01831   0.00254   0.00158   0.00254   0.00573   0.00254   0.01831   0.00470   0.00254   0.00262   0.00158   0.00470   0.00678   0.00470   0.00125   0.00254   0.00254   0.00470   0.01831   0.00262   0.00573   0.00262   0.00125   0.00262   0.00678 
  370.21382  0.01825   0.00249   0.00153   0.00249   0.00557   0.00249   0.01825   0.00456   0.00249   0.00254   0.00153   0.00456   0.00651   0.00456   0.00118   0.00249   0.00249   0.00456   0.01825   0.00254   0.00557   0.00254   0.00118   0.00254   0.00651 
  370.28185  0.01820   0.00244   0.00148   0.00244   0.00541   0.00244   0.01820   0.00443   0.00244   0.00247   0.00148   0.00443   0.00626   0.00443   0.00112   0.00244   0.00244   0.00443   0.01820   0.00247   0.00541   0.00247   0.00112   0.00247   0.00626 
  370.34988  0.01815   0.00239   0.00144   0.00239   0.00526   0.00239   0.01815   0.00431   0.00239   0.00240   0.00144   0.00431   0.00603   0.00431   0.00107   0.00239   0.00239   0.00431   0.01815   0.00240   0.00526   0.00240   0.00107   0.00240   0.00603 
  370.41790  0.01811   0.00235   0.00140   0.00235   0.00512   0.00235   0.01811   0.00419   0.00235   0.00233   0.00140   0.00419   0.00582   0.00419   0.00102   0.00235   0.00235   0.00419   0.01811   0.00233   0.00512   0.00233   0.00102   0.00233   0.00582 
  370.48593  0.01806   0.00231   0.00136   0.00231   0.00499   0.00231   0.01806   0.00408   0.00231   0.00227   0.00136   0.00408   0.00562   0.00408   0.00097   0.00231   0.00231   0.00408   0.01806   0.00227   0.00499   0.00227   0.00097   0.00227   0.00562 
  370.55396  0.01802   0.00227   0.00133   0.00227   0.00487   0.00227   0.01802   0.00398   0.00227   0.00221   0.00133   0.00398   0.00544   0.00398   0.00093   0.00227   0.00227   0.00398   0.01802   0.00221   0.00487   0.00221   0.00093   0.00221   0.00544 
  370.62199  0.01799   0.00223   0.00129   0.00223   0.00475   0.00223   0.01799   0.00388   0.00223   0.00216   0.00129   0.00388   0.00527   0.00388   0.00089   0.00223   0.00223   0.00388   0.01799   0.00216   0.00475   0.00216   0.00089   0.00216   0.00527 
  370.69002  0.01795   0.00219   0.00126   0.00219   0.00464   0.00219   0.01795   0.00379   0.00219   0.00210   0.00126   0.00379   0.00511   0.00379   0.00085   0.00219   0.00219   0.00379   0.01795   0.00210   0.00464   0.00210   0.00085   0.00210   0.00511 
  370.75805  0.01792   0.00216   0.00123   0.00216   0.00453   0.00216   0.01792   0.00370   0.00216   0.00205   0.00123   0.00370   0.00496   0.00370   0.00082   0.00216   0.00216   0.00370   0.01792   0.00205   0.00453   0.00205   0.00082   0.00205   0.00496 
  370.82608  0.01789   0.00212   0.00120   0.00212   0.00443   0.00212   0.01789   0.00362   0.00212   0.00201   0.00120   0.00362   0.00482   0.00362   0.00078   0.00212   0.00212   0.00362   0.01789   0.00201   0.00443   0.00201   0.00078   0.00201   0.00482 
  370.89411  0.01786   0.00209   0.00117   0.00209   0.00433   0.00209   0.01786   0.00354   0.00209   0.00196   0.00117   0.00354   0.00469   0.00354   0.00075   0.00209   0.00209   0.00354   0.01786   0.00196   0.00433   0.00196   0.00075   0.00196   0.00469 
  370.96214  0.01784   0.00206   0.00114   0.00206   0.00424   0.00206   0.01784   0.00346   0.00206   0.00192   0.00114   0.00346   0.00457   0.00346   0.00072   0.00206   0.00206   0.00346   0.01784   0.00192   0.00424   0.00192   0.00072   0.00192   0.00457 
  371.03017  0.01781   0.00203   0.00112   0.00203   0.00415   0.00203   0.01781   0.00339   0.00203   0.00188   0.00112   0.00339   0.00446   0.00339   0.00070   0.00203   0.00203   0.00339   0.01781   0.00188   0.00415   0.00188   0.00070   0.00188   0.00446 
  371.09819  0.01779   0.00200   0.00110   0.00200   0.00406   0.00200   0.01779   0.00332   0.00200   0.00184   0.00110   0.00332   0.00435   0.00332   0.00067   0.00200   0.00200   0.00332   0.01779   0.00184   0.00406   0.00184   0.00067   0.00184   0.00435 
  371.16622  0.01777   0.00197   0.00107   0.00197   0.00398   0.00197   0.01777   0.00325   0.00197   0.00180   0.00107   0.00325   0.00425   0.00325   0.00065   0.00197   0.00197   0.00325   0.01777   0.00180   0.00398   0.00180   0.00065   0.00180   0.00425 
  371.23425  0.01774   0.00194   0.00105   0.00194   0.00390   0.00194   0.01774   0.00319   0.00194   0.00176   0.00105   0.00319   0.00416   0.00319   0.00062   0.00194   0.00194   0.00319   0.01774   0.00176   0.00390   0.00176   0.00062   0.00176   0.00416 
  371.30228  0.01772   0.00192   0.00103   0.00192   0.00382   0.00192   0.01772   0.00312   0.00192   0.00173   0.00103   0.00312   0.00407   0.00312   0.00060   0.00192   0.00192   0.00312   0.01772   0.00173   0.00382   0.00173   0.00060   0.00173   0.00407 
  371.37031  0.01770   0.00189   0.00101   0.00189   0.00375   0.00189   0.01770   0.00306   0.00189   0.00169   0.00101   0.00306   0.00399   0.00306   0.00058   0.00189   0.00189   0.00306   0.01770   0.00169   0.00375   0.00169   0.00058   0.00169   0.00399 
  371.43834  0.01768   0.00186   0.00099   0.00186   0.00368   0.00186   0.01768   0.00301   0.00186   0.00166   0.00099   0.00301   0.00391   0.00301   0.00056   0.00186   0.00186   0.00301   0.01768   0.00166   0.00368   0.00166   0.00056   0.00166   0.00391 
  371.50637  0.01766   0.00184   0.00097   0.00184   0.00361   0.00184   0.01766   0.00295   0.00184   0.00163   0.00097   0.00295   0.00384   0.00295   0.00055   0.00184   0.00184   0.00295   0.01766   0.00163   0.00361   0.00163   0.00055   0.00163   0.00384 
  371.57440  0.01765   0.00182   0.00095   0.00182   0.00354   0.00182   0.01765   0.00290   0.00182   0.00160   0.00095   0.00290   0.00377   0.00290   0.00053   0.00182   0.00182   0.00290   0.01765   0.00160   0.00354   0.00160   0.00053   0.00160   0.00377 
  371.64243  0.01763   0.00179   0.00093   0.00179   0.00348   0.00179   0.01763   0.00284   0.00179   0.00157   0.00093   0.00284   0.00370   0.00284   0.00051   0.00179   0.00179   0.00284   0.01763   0.00157   0.00348   0.00157   0.00051   0.00157   0.00370 
  371.71046  0.01761   0.00177   0.00092   0.00177   0.00342   0.00177   0.01761   0.00279   0.00177   0.00154   0.00092   0.00279   0.00364   0.00279   0.00050   0.00177   0.00177   0.00279   0.01761   0.00154   0.00342   0.00154   0.00050   0.00154   0.00364 
  371.77848  0.01759   0.00175   0.00090   0.00175   0.00336   0.00175   0.01759   0.00274   0.00175   0.00151   0.00090   0.00274   0.00358   0.00274   0.00048   0.00175   0.00175   0.00274   0.01759   0.00151   0.00336   0.00151   0.00048   0.00151   0.00358 
  371.84651  0.01757   0.00173   0.00088   0.00173   0.00330   0.00173   0.01757   0.00270   0.00173   0.00149   0.00088   0.00270   0.00353   0.00270   0.00047   0.00173   0.00173   0.00270   0.01757   0.00149   0.00330   0.00149   0.00047   0.00149   0.00353 
  371.91454  0.01756   0.00171   0.00087   0.00171   0.00324   0.00171   0.01756   0.00265   0.00171   0.00146   0.00087   0.00265   0.00348   0.00265   0.00045   0.00171   0.00171   0.00265   0.01756   0.00146   0.00324   0.00146   0.00045   0.00146   0.00348 
  371.98257  0.01754   0.00169   0.00085   0.00169   0.00319   0.00169   0.01754   0.00260   0.00169   0.00144   0.00085   0.00260   0.00343   0.00260   0.00044   0.00169   0.00169   0.00260   0.01754   0.00144   0.00319   0.00144   0.00044   0.00144   0.00343 
  372.05060  0.01752   0.00167   0.00084   0.00167   0.00313   0.00167   0.01752   0.00256   0.00167   0.00141   0.00084   0.00256   0.00338   0.00256   0.00043   0.00167   0.00167   0.00256   0.01752   0.00141   0.00313   0.00141   0.00043   0.00141   0.00338 
  372.11863  0.01750   0.00165   0.00082   0.00165   0.00308   0.00165   0.01750   0.00252   0.00165   0.00139   0.00082   0.00252   0.00334   0.00252   0.00042   0.00165   0.00165   0.00252   0.01750   0.00139   0.00308   0.00139   0.00042   0.00139   0.00334 
  372.18666  0.01748   0.00163   0.00081   0.00163   0.00303   0.00163   0.01748   0.00247   0.00163   0.00136   0.00081   0.00247   0.00330   0.00247   0.00041   0.00163   0.00163   0.00247   0.01748   0.00136   0.00303   0.00136   0.00041   0.00136   0.00330 
  372.25469  0.01747   0.00161   0.00080   0.00161   0.00298   0.00161   0.01747   0.00243   0.00161   0.00134   0.00080   0.00243   0.00326   0.00243   0.00040   0.00161   0.00161   0.00243   0.01747   0.00134   0.00298   0.00134   0.00040   0.00134   0.00326 
  372.32272  0.01745   0.00159   0.00078   0.00159   0.00293   0.00159   0.01745   0.00239   0.00159   0.00132   0.00078   0.00239   0.00322   0.00239   0.00038   0.00159   0.00159   0.00239   0.01745   0.00132   0.00293   0.00132   0.00038   0.00132   0.00322 
  372.39075  0.01743   0.00157   0.00077   0.00157   0.00288   0.00157   0.01743   0.00236   0.00157   0.00130   0.00077   0.00236   0.00319   0.00236   0.00037   0.00157   0.00157   0.00236   0.01743   0.00130   0.00288   0.00130   0.00037   0.00130   0.00319 
  372.45877  0.01741   0.00155   0.00076   0.00155   0.00284   0.00155   0.01741   0.00232   0.00155   0.00128   0.00076   0.00232   0.00316   0.00232   0.00037   0.00155   0.00155   0.00232   0.01741   0.00128   0.00284   0.00128   0.00037   0.00128   0.00316 
  372.52680  0.01739   0.00154   0.00074   0.00154   0.00279   0.00154   0.01739   0.00228   0.00154   0.00126   0.00074   0.00228   0.00313   0.00228   0.00036   0.00154   0.00154   0.00228   0.01739   0.00126   0.00279   0.00126   0.00036   0.00126   0.00313 
  372.59483  0.01736   0.00152   0.00073   0.00152   0.00275   0.00152   0.01736   0.00224   0.00152   0.00124   0.00073   0.00224   0.00310   0.00224   0.00035   0.00152   0.00152   0.00224   0.01736   0.00124   0.00275   0.00124   0.00035   0.00124   0.00310 
  372.66286  0.01734   0.00150   0.00072   0.00150   0.00270   0.00150   0.01734   0.00221   0.00150   0.00122   0.00072   0.00221   0.00307   0.00221   0.00034   0.00150   0.00150   0.00221   0.01734   0.00122   0.00270   0.00122   0.00034   0.00122   0.00307 
  372.73089  0.01732   0.00149   0.00071   0.00149   0.00266   0.00149   0.01732   0.00217   0.00149   0.00120   0.00071   0.00217   0.00304   0.00217   0.00033   0.00149   0.00149   0.00217   0.01732   0.00120   0.00266   0.00120   0.00033   0.00120   0.00304 
  372.79892  0.01730   0.00147   0.00070   0.00147   0.00262   0.00147   0.01730   0.00214   0.00147   0.00118   0.00070   0.00214   0.00302   0.00214   0.00032   0.00147   0.00147   0.00214   0.01730   0.00118   0.00262   0.00118   0.00032   0.00118   0.00302 
  372.86695  0.01727   0.00145   0.00069   0.00145   0.00258   0.00145   0.01727   0.00211   0.00145   0.00116   0.00069   0.00211   0.00300   0.00211   0.00032   0.00145   0.00145   0.00211   0.01727   0.00116   0.00258   0.00116   0.00032   0.00116   0.00300 
  372.93498  0.01725   0.00144   0.00068   0.00144   0.00254   0.00144   0.01725   0.00207   0.00144   0.00114   0.00068   0.00207   0.00298   0.00207   0.00031   0.00144   0.00144   0.00207   0.01725   0.00114   0.00254   0.00114   0.00031   0.00114   0.00298 
  373.00301  0.01722   0.00142   0.00067   0.00142   0.00250   0.00142   0.01722   0.00204   0.00142   0.00112   0.00067   0.00204   0.00296   0.00204   0.00030   0.00142   0.00142   0.00204   0.01722   0.00112   0.00250   0.00112   0.00030   0.00112   0.00296 
  373.07104  0.01720   0.00141   0.00066   0.00141   0.00246   0.00141   0.01720   0.00201   0.00141   0.00111   0.00066   0.00201   0.00294   0.00201   0.00029   0.00141   0.00141   0.00201   0.01720   0.00111   0.00246   0.00111   0.00029   0.00111   0.00294 
  373.13906  0.01717   0.00139   0.00065   0.00139   0.00242   0.00139   0.01717   0.00198   0.00139   0.00109   0.00065   0.00198   0.00292   0.00198   0.00029   0.00139   0.00139   0.00198   0.01717   0.00109   0.00242   0.00109   0.00029   0.00109   0.00292 
  373.20709  0.01714   0.00138   0.00064   0.00138   0.00239   0.00138   0.01714   0.00195   0.00138   0.00107   0.00064   0.00195   0.00291   0.00195   0.00028   0.00138   0.00138   0.00195   0.01714   0.00107   0.00239   0.00107   0.00028   0.00107   0.00291 
  373.27512  0.01712   0.00136   0.00063   0.00136   0.00235   0.00136   0.01712   0.00192   0.00136   0.00106   0.00063   0.00192   0.00289   0.00192   0.00027   0.00136   0.00136   0.00192   0.01712   0.00106   0.00235   0.00106   0.00027   0.00106   0.00289 
  373.34315  0.01709   0.00135   0.00062   0.00135   0.00231   0.00135   0.01709   0.00189   0.00135   0.00104   0.00062   0.00189   0.00288   0.00189   0.00027   0.00135   0.00135   0.00189   0.01709   0.00104   0.00231   0.00104   0.00027   0.00104   0.00288 
  373.41118  0.01706   0.00133   0.00061   0.00133   0.00228   0.00133   0.01706   0.00186   0.00133   0.00102   0.00061   0.00186   0.00287   0.00186   0.00026   0.00133   0.00133   0.00186   0.01706   0.00102   0.00228   0.00102   0.00026   0.00102   0.00287 
  373.47921  0.01702   0.00132   0.00060   0.00132   0.00224   0.00132   0.01702   0.00183   0.00132   0.00101   0.00060   0.00183   0.00285   0.00183   0.00026   0.00132   0.00132   0.00183   0.01702   0.00101   0.00224   0.00101   0.00026   0.00101   0.00285 
  373.54724  0.01699   0.00130   0.00059   0.00130   0.00221   0.00130   0.01699   0.00180   0.00130   0.00099   0.00059   0.00180   0.00284   0.00180   0.00025   0.00130   0.00130   0.00180   0.01699   0.00099   0.00221   0.00099   0.00025   0.00099   0.00284 
  373.61527  0.01696   0.00129   0.00058   0.00129   0.00218   0.00129   0.01696   0.00178   0.00129   0.00098   0.00058   0.00178   0.00283   0.00178   0.00025   0.00129   0.00129   0.00178   0.01696   0.00098   0.00218   0.00098   0.00025   0.00098   0.00283 
  373.68330  0.01692   0.00128   0.00057   0.00128   0.00214   0.00128   0.01692   0.00175   0.00128   0.00096   0.00057   0.00175   0.00282   0.00175   0.00024   0.00128   0.00128   0.00175   0.01692   0.00096   0.00214   0.00096   0.00024   0.00096   0.00282 
  373.75133  0.01689   0.00126   0.00056   0.00126   0.00211   0.00126   0.01689   0.00172   0.00126   0.00095   0.00056   0.00172   0.00282   0.00172   0.00024   0.00126   0.00126   0.00172   0.01689   0.00095   0.00211   0.00095   0.00024   0.00095   0.00282 
  373.81935  0.01685   0.00125   0.00055   0.00125   0.00208   0.00125   0.01685   0.00170   0.00125   0.00093   0.00055   0.00170   0.00281   0.00170   0.00023   0.00125   0.00125   0.00170   0.01685   0.00093   0.00208   0.00093   0.00023   0.00093   0.00281 
  373.88738  0.01682   0.00124   0.00054   0.00124   0.00205   0.00124   0.01682   0.00167   0.00124   0.00092   0.00054   0.00167   0.00280   0.00167   0.00023   0.00124   0.00124   0.00167   0.01682   0.00092   0.00205   0.00092   0.00023   0.00092   0.00280 
  373.95541  0.01678   0.00122   0.00054   0.00122   0.00202   0.00122   0.01678   0.00165   0.00122   0.00091   0.00054   0.00165   0.00280   0.00165   0.00022   0.00122   0.00122   0.00165   0.01678   0.00091   0.00202   0.00091   0.00022   0.00091   0.00280 
  374.02344  0.01674   0.00121   0.00053   0.00121   0.00199   0.00121   0.01674   0.00162   0.00121   0.00089   0.00053   0.00162   0.00279   0.00162   0.00022   0.00121   0.00121   0.00162   0.01674   0.00089   0.00199   0.00089   0.00022   0.00089   0.00279 
  374.09147  0.01670   0.00120   0.00052   0.00120   0.00196   0.00120   0.01670   0.00160   0.00120   0.00088   0.00052   0.00160   0.00279   0.00160   0.00021   0.00120   0.00120   0.00160   0.01670   0.00088   0.00196   0.00088   0.00021   0.00088   0.00279 
  374.15950  0.01666   0.00118   0.00051   0.00118   0.00193   0.00118   0.01666   0.00157   0.00118   0.00087   0.00051   0.00157   0.00278   0.00157   0.00021   0.00118   0.00118   0.00157   0.01666   0.00087   0.00193   0.00087   0.00021   0.00087   0.00278 
  374.22753  0.01662   0.00117   0.00050   0.00117   0.00190   0.00117   0.01662   0.00155   0.00117   0.00085   0.00050   0.00155   0.00278   0.00155   0.00021   0.00117   0.00117   0.00155   0.01662   0.00085   0.00190   0.00085   0.00021   0.00085   0.00278 
  374.29556  0.01657   0.00116   0.00050   0.00116   0.00187   0.00116   0.01657   0.00153   0.00116   0.00084   0.00050   0.00153   0.00278   0.00153   0.00020   0.00116   0.00116   0.00153   0.01657   0.00084   0.00187   0.00084   0.00020   0.00084   0.00278 
  374.36359  0.01653   0.00115   0.00049   0.00115   0.00184   0.00115   0.01653   0.00150   0.00115   0.00083   0.00049   0.00150   0.00278   0.00150   0.00020   0.00115   0.00115   0.00150   0.01653   0.00083   0.00184   0.00083   0.00020   0.00083   0.00278 
  374.43162  0.01648   0.00113   0.00048   0.00113   0.00181   0.00113   0.01648   0.00148   0.00113   0.00081   0.00048   0.00148   0.00278   0.00148   0.00019   0.00113   0.00113   0.00148   0.01648   0.00081   0.00181   0.00081   0.00019   0.00081   0.00278 
  374.49964  0.01644   0.00112   0.00047   0.00112   0.00178   0.00112   0.01644   0.00146   0.00112   0.00080   0.00047   0.00146   0.00278   0.00146   0.00019   0.00112   0.00112   0.00146   0.01644   0.00080   0.00178   0.00080   0.00019   0.00080   0.00278 
  374.56767  0.01639   0.00111   0.00047   0.00111   0.00176   0.00111   0.01639   0.00143   0.00111   0.00079   0.00047   0.00143   0.00278   0.00143   0.00019   0.00111   0.00111   0.00143   0.01639   0.00079   0.00176   0.00079   0.00019   0.00079   0.00278 
  374.63570  0.01634   0.00110   0.00046   0.00110   0.00173   0.00110   0.01634   0.00141   0.00110   0.00078   0.00046   0.00141   0.00278   0.00141   0.00018   0.00110   0.00110   0.00141   0.01634   0.00078   0.00173   0.00078   0.00018   0.00078   0.00278 
  374.70373  0.01629   0.00108   0.00045   0.00108   0.00170   0.00108   0.01629   0.00139   0.00108   0.00077   0.00045   0.00139   0.00278   0.00139   0.00018   0.00108   0.00108   0.00139   0.01629   0.00077   0.00170   0.00077   0.00018   0.00077   0.00278 
  374.77176  0.01624   0.00107   0.00045   0.00107   0.00168   0.00107   0.01624   0.00137   0.00107   0.00075   0.00045   0.00137   0.00278   0.00137   0.00018   0.00107   0.00107   0.00137   0.01624   0.00075   0.00168   0.00075   0.00018   0.00075   0.00278 
  374.83979  0.01619   0.00106   0.00044   0.00106   0.00165   0.00106   0.01619   0.00135   0.00106   0.00074   0.00044   0.00135   0.00278   0.00135   0.00017   0.00106   0.00106   0.00135   0.01619   0.00074   0.00165   0.00074   0.00017   0.00074   0.00278 
  374.90782  0.01614   0.00105   0.00043   0.00105   0.00163   0.00105   0.01614   0.00133   0.00105   0.00073   0.00043   0.00133   0.00279   0.00133   0.00017   0.00105   0.00105   0.00133   0.01614   0.00073   0.00163   0.00073   0.00017   0.00073   0.00279 
  374.97585  0.01609   0.00104   0.00042   0.00104   0.00160   0.00104   0.01609   0.00131   0.00104   0.00072   0.00042   0.00131   0.00279   0.00131   0.00017   0.00104   0.00104   0.00131   0.01609   0.00072   0.00160   0.00072   0.00017   0.00072   0.00279 
  375.04388  0.01603   0.00102   0.00042   0.00102   0.00158   0.00102   0.01603   0.00129   0.00102   0.00071   0.00042   0.00129   0.00279   0.00129   0.00017   0.00102   0.00102   0.00129   0.01603   0.00071   0.00158   0.00071   0.00017   0.00071   0.00279 
  375.11191  0.01598   0.00101   0.00041   0.00101   0.00155   0.00101   0.01598   0.00127   0.00101   0.00070   0.00041   0.00127   0.00280   0.00127   0.00016   0.00101   0.00101   0.00127   0.01598   0.00070   0.00155   0.00070   0.00016   0.00070   0.00280 
  375.17993  0.01592   0.00100   0.00041   0.00100   0.00153   0.00100   0.01592   0.00125   0.00100   0.00069   0.00041   0.00125   0.00280   0.00125   0.00016   0.00100   0.00100   0.00125   0.01592   0.00069   0.00153   0.00069   0.00016   0.00069   0.00280 
  375.24796  0.01587   0.00099   0.00040   0.00099   0.00150   0.00099   0.01587   0.00123   0.00099   0.00068   0.00040   0.00123   0.00281   0.00123   0.00016   0.00099   0.00099   0.00123   0.01587   0.00068   0.00150   0.00068   0.00016   0.00068   0.00281 
  375.31599  0.01581   0.00098   0.00039   0.00098   0.00148   0.00098   0.01581   0.00121   0.00098   0.00066   0.00039   0.00121   0.00281   0.00121   0.00015   0.00098   0.00098   0.00121   0.01581   0.00066   0.00148   0.00066   0.00015   0.00066   0.00281 
  375.38402  0.01575   0.00097   0.00039   0.00097   0.00146   0.00097   0.01575   0.00119   0.00097   0.00065   0.00039   0.00119   0.00282   0.00119   0.00015   0.00097   0.00097   0.00119   0.01575   0.00065   0.00146   0.00065   0.00015   0.00065   0.00282 
  375.45205  0.01570   0.00096   0.00038   0.00096   0.00143   0.00096   0.01569   0.00117   0.00096   0.00064   0.00038   0.00117   0.00283   0.00117   0.00015   0.00096   0.00096   0.00117   0.01569   0.00064   0.00143   0.00064   0.00015   0.00064   0.00283 
  375.52008  0.01564   0.00094   0.00037   0.00094   0.00141   0.00094   0.01564   0.00115   0.00094   0.00063   0.00037   0.00115   0.00283   0.00115   0.00015   0.00094   0.00094   0.00115   0.01564   0.00063   0.00141   0.00063   0.00015   0.00063   0.00283 
  375.58811  0.01558   0.00093   0.00037   0.00093   0.00139   0.00093   0.01558   0.00113   0.00093   0.00062   0.00037   0.00113   0.00284   0.00113   0.00014   0.00093   0.00093   0.00113   0.01558   0.00062   0.00139   0.00062   0.00014   0.00062   0.00284 
  375.65614  0.01552   0.00092   0.00036   0.00092   0.00137   0.00092   0.01552   0.00112   0.00092   0.00061   0.00036   0.00112   0.00285   0.00112   0.00014   0.00092   0.00092   0.00112   0.01552   0.00061   0.00137   0.00061   0.00014   0.00061   0.00285 
  375.72417  0.01545   0.00091   0.00036   0.00091   0.00135   0.00091   0.01545   0.00110   0.00091   0.00060   0.00036   0.00110   0.00285   0.00110   0.00014   0.00091   0.00091   0.00110   0.01545   0.00060   0.00135   0.00060   0.00014   0.00060   0.00285 
  375.79220  0.01539   0.00090   0.00035   0.00090   0.00133   0.00090   0.01539   0.00108   0.00090   0.00059   0.00035   0.00108   0.00286   0.00108   0.00014   0.00090   0.00090   0.00108   0.01539   0.00059   0.00133   0.00059   0.00014   0.00059   0.00286 
  375.86022  0.01533   0.00089   0.00035   0.00089   0.00130   0.00089   0.01533   0.00106   0.00089   0.00059   0.00035   0.00106   0.00287   0.00106   0.00013   0.00089   0.00089   0.00106   0.01533   0.00059   0.00130   0.00059   0.00013   0.00059   0.00287 
  375.92825  0.01527   0.00088   0.00034   0.00088   0.00128   0.00088   0.01527   0.00105   0.00088   0.00058   0.00034   0.00105   0.00288   0.00105   0.00013   0.00088   0.00088   0.00105   0.01527   0.00058   0.00128   0.00058   0.00013   0.00058   0.00288 
  375.99628  0.01520   0.00087   0.00033   0.00087   0.00126   0.00087   0.01520   0.00103   0.00087   0.00057   0.00033   0.00103   0.00289   0.00103   0.00013   0.00087   0.00087   0.00103   0.01520   0.00057   0.00126   0.00057   0.00013   0.00057   0.00289 
  376.06431  0.01514   0.00086   0.00033   0.00086   0.00124   0.00086   0.01514   0.00101   0.00086   0.00056   0.00033   0.00101   0.00290   0.00101   0.00013   0.00086   0.00086   0.00101   0.01514   0.00056   0.00124   0.00056   0.00013   0.00056   0.00290 
  376.13234  0.01507   0.00085   0.00032   0.00085   0.00122   0.00085   0.01507   0.00100   0.00085   0.00055   0.00032   0.00100   0.00291   0.00100   0.00013   0.00085   0.00085   0.00100   0.01507   0.00055   0.00122   0.00055   0.00013   0.00055   0.00291 
  376.20037  0.01501   0.00084   0.00032   0.00084   0.00120   0.00084   0.01501   0.00098   0.00084   0.00054   0.00032   0.00098   0.00292   0.00098   0.00012   0.00084   0.00084   0.00098   0.01501   0.00054   0.00120   0.00054   0.00012   0.00054   0.00292 
  376.26840  0.01494   0.00083   0.00031   0.00083   0.00119   0.00083   0.01494   0.00097   0.00083   0.00053   0.00031   0.00097   0.00293   0.00097   0.00012   0.00083   0.00083   0.00097   0.01494   0.00053   0.00119   0.00053   0.00012   0.00053   0.00293 
  376.33643  0.01488   0.00082   0.00031   0.00082   0.00117   0.00082   0.01488   0.00095   0.00082   0.00052   0.00031   0.00095   0.00294   0.00095   0.00012   0.00082   0.00082   0.00095   0.01488   0.00052   0.00117   0.00052   0.00012   0.00052   0.00294 
  376.40446  0.01481   0.00081   0.00030   0.00081   0.00115   0.00081   0.01481   0.00094   0.00081   0.00051   0.00030   0.00094   0.00295   0.00094   0.00012   0.00081   0.00081   0.00094   0.01481   0.00051   0.00115   0.00051   0.00012   0.00051   0.00295 
  376.47249  0.01475   0.00080   0.00030   0.00080   0.00113   0.00080   0.01475   0.00092   0.00080   0.00051   0.00030   0.00092   0.00296   0.00092   0.00012   0.00080   0.00080   0.00092   0.01475   0.00051   0.00113   0.00051   0.00012   0.00051   0.00296 
  376.54051  0.01468   0.00079   0.00029   0.00079   0.00111   0.00079   0.01468   0.00091   0.00079   0.00050   0.00029   0.00091   0.00297   0.00091   0.00012   0.00079   0.00079   0.00091   0.01468   0.00050   0.00111   0.00050   0.00012   0.00050   0.00297 
  376.60854  0.01461   0.00078   0.00029   0.00078   0.00109   0.00078   0.01461   0.00089   0.00078   0.00049   0.00029   0.00089   0.00298   0.00089   0.00011   0.00078   0.00078   0.00089   0.01461   0.00049   0.00109   0.00049   0.00011   0.00049   0.00298 
  376.67657  0.01454   0.00077   0.00028   0.00077   0.00108   0.00077   0.01454   0.00088   0.00077   0.00048   0.00028   0.00088   0.00300   0.00088   0.00011   0.00077   0.00077   0.00088   0.01454   0.00048   0.00108   0.00048   0.00011   0.00048   0.00300 
  376.74460  0.01447   0.00076   0.00028   0.00076   0.00106   0.00076   0.01447   0.00086   0.00076   0.00047   0.00028   0.00086   0.00301   0.00086   0.00011   0.00076   0.00076   0.00086   0.01447   0.00047   0.00106   0.00047   0.00011   0.00047   0.00301 
  376.81263  0.01441   0.00075   0.00027   0.00075   0.00104   0.00075   0.01441   0.00085   0.00075   0.00047   0.00027   0.00085   0.00302   0.00085   0.00011   0.00075   0.00075   0.00085   0.01441   0.00047   0.00104   0.00047   0.00011   0.00047   0.00302 
  376.88066  0.01434   0.00074   0.00027   0.00074   0.00102   0.00074   0.01434   0.00084   0.00074   0.00046   0.00027   0.00084   0.00303   0.00084   0.00011   0.00074   0.00074   0.00084   0.01434   0.00046   0.00102   0.00046   0.00011   0.00046   0.00303 
