# omega, Ix+Iy+Iz, Ix, Iy, Iz, I-, I+, omega+ecore
  357.83254   0.0126719   0.0042240   0.0042240   0.0042240   0.0042240   0.0042240    -5.86844
  357.85975   0.0125371   0.0041790   0.0041790   0.0041790   0.0041790   0.0041790    -5.84123
  357.88696   0.0124101   0.0041367   0.0041367   0.0041367   0.0041367   0.0041367    -5.81402
  357.91417   0.0122904   0.0040968   0.0040968   0.0040968   0.0040968   0.0040968    -5.78681
  357.94139   0.0121779   0.0040593   0.0040593   0.0040593   0.0040593   0.0040593    -5.75959
  357.96860   0.0120723   0.0040241   0.0040241   0.0040241   0.0040241   0.0040241    -5.73238
  357.99581   0.0119733   0.0039911   0.0039911   0.0039911   0.0039911   0.0039911    -5.70517
  358.02302   0.0118806   0.0039602   0.0039602   0.0039602   0.0039602   0.0039602    -5.67796
  358.05023   0.0117942   0.0039314   0.0039314   0.0039314   0.0039314   0.0039314    -5.65075
  358.07744   0.0117137   0.0039046   0.0039046   0.0039046   0.0039046   0.0039046    -5.62354
  358.10466   0.0116390   0.0038797   0.0038797   0.0038797   0.0038797   0.0038797    -5.59632
  358.13187   0.0115698   0.0038566   0.0038566   0.0038566   0.0038566   0.0038566    -5.56911
  358.15908   0.0115061   0.0038354   0.0038354   0.0038354   0.0038354   0.0038354    -5.54190
  358.18629   0.0114476   0.0038159   0.0038159   0.0038159   0.0038159   0.0038159    -5.51469
  358.21350   0.0113943   0.0037981   0.0037981   0.0037981   0.0037981   0.0037981    -5.48748
  358.24071   0.0113459   0.0037820   0.0037820   0.0037820   0.0037820   0.0037820    -5.46027
  358.26793   0.0113023   0.0037674   0.0037674   0.0037674   0.0037674   0.0037674    -5.43306
  358.29514   0.0112635   0.0037545   0.0037545   0.0037545   0.0037545   0.0037545    -5.40584
  358.32235   0.0112294   0.0037431   0.0037431   0.0037431   0.0037431   0.0037431    -5.37863
  358.34956   0.0111997   0.0037332   0.0037332   0.0037332   0.0037332   0.0037332    -5.35142
  358.37677   0.0111746   0.0037249   0.0037249   0.0037249   0.0037249   0.0037249    -5.32421
  358.40398   0.0111538   0.0037179   0.0037179   0.0037179   0.0037179   0.0037179    -5.29700
  358.43120   0.0111373   0.0037124   0.0037124   0.0037124   0.0037124   0.0037124    -5.26979
  358.45841   0.0111250   0.0037083   0.0037083   0.0037083   0.0037083   0.0037083    -5.24257
  358.48562   0.0111170   0.0037057   0.0037057   0.0037057   0.0037057   0.0037057    -5.21536
  358.51283   0.0111131   0.0037044   0.0037044   0.0037044   0.0037044   0.0037044    -5.18815
  358.54004   0.0111134   0.0037045   0.0037045   0.0037045   0.0037045   0.0037045    -5.16094
  358.56725   0.0111181   0.0037060   0.0037060   0.0037060   0.0037060   0.0037060    -5.13373
  358.59446   0.0111260   0.0037087   0.0037087   0.0037087   0.0037087   0.0037087    -5.10652
  358.62168   0.0111385   0.0037128   0.0037128   0.0037128   0.0037128   0.0037128    -5.07930
  358.64889   0.0111551   0.0037184   0.0037184   0.0037184   0.0037184   0.0037184    -5.05209
  358.67610   0.0111757   0.0037252   0.0037252   0.0037252   0.0037252   0.0037252    -5.02488
  358.70331   0.0112004   0.0037335   0.0037335   0.0037335   0.0037335   0.0037335    -4.99767
  358.73052   0.0112292   0.0037431   0.0037431   0.0037431   0.0037431   0.0037431    -4.97046
  358.75773   0.0112622   0.0037541   0.0037541   0.0037541   0.0037541   0.0037541    -4.94325
  358.78495   0.0112994   0.0037665   0.0037665   0.0037665   0.0037665   0.0037665    -4.91603
  358.81216   0.0113408   0.0037803   0.0037803   0.0037803   0.0037803   0.0037803    -4.88882
  358.83937   0.0113866   0.0037955   0.0037955   0.0037955   0.0037955   0.0037955    -4.86161
  358.86658   0.0114371   0.0038124   0.0038124   0.0038124   0.0038124   0.0038124    -4.83440
  358.89379   0.0114920   0.0038307   0.0038307   0.0038307   0.0038307   0.0038307    -4.80719
  358.92100   0.0115514   0.0038505   0.0038505   0.0038505   0.0038505   0.0038505    -4.77998
  358.94822   0.0116156   0.0038719   0.0038719   0.0038719   0.0038719   0.0038719    -4.75277
  358.97543   0.0116846   0.0038949   0.0038949   0.0038949   0.0038949   0.0038949    -4.72555
  359.00264   0.0117585   0.0039195   0.0039195   0.0039195   0.0039195   0.0039195    -4.69834
  359.02985   0.0118376   0.0039459   0.0039459   0.0039459   0.0039459   0.0039459    -4.67113
  359.05706   0.0119219   0.0039739   0.0039739   0.0039740   0.0039739   0.0039739    -4.64392
  359.08427   0.0120115   0.0040038   0.0040038   0.0040038   0.0040038   0.0040038    -4.61671
  359.11149   0.0121067   0.0040356   0.0040356   0.0040356   0.0040356   0.0040356    -4.58950
  359.13870   0.0122076   0.0040692   0.0040692   0.0040692   0.0040692   0.0040692    -4.56228
  359.16591   0.0123145   0.0041048   0.0041048   0.0041048   0.0041048   0.0041048    -4.53507
  359.19312   0.0124275   0.0041425   0.0041425   0.0041425   0.0041425   0.0041425    -4.50786
  359.22033   0.0125469   0.0041823   0.0041823   0.0041823   0.0041823   0.0041823    -4.48065
  359.24754   0.0126729   0.0042243   0.0042243   0.0042243   0.0042243   0.0042243    -4.45344
  359.27475   0.0128057   0.0042686   0.0042686   0.0042686   0.0042686   0.0042686    -4.42623
  359.30197   0.0129457   0.0043152   0.0043152   0.0043152   0.0043152   0.0043152    -4.39901
  359.32918   0.0130932   0.0043644   0.0043644   0.0043644   0.0043644   0.0043644    -4.37180
  359.35639   0.0132484   0.0044161   0.0044161   0.0044161   0.0044161   0.0044161    -4.34459
  359.38360   0.0134117   0.0044706   0.0044706   0.0044706   0.0044706   0.0044706    -4.31738
  359.41081   0.0135836   0.0045279   0.0045279   0.0045279   0.0045279   0.0045279    -4.29017
  359.43802   0.0137643   0.0045881   0.0045881   0.0045881   0.0045881   0.0045881    -4.26296
  359.46524   0.0139543   0.0046514   0.0046514   0.0046514   0.0046514   0.0046514    -4.23574
  359.49245   0.0141541   0.0047180   0.0047180   0.0047180   0.0047180   0.0047180    -4.20853
  359.51966   0.0143642   0.0047881   0.0047881   0.0047881   0.0047881   0.0047881    -4.18132
  359.54687   0.0145850   0.0048617   0.0048617   0.0048617   0.0048617   0.0048617    -4.15411
  359.57408   0.0148173   0.0049391   0.0049391   0.0049391   0.0049391   0.0049391    -4.12690
  359.60129   0.0150614   0.0050205   0.0050205   0.0050205   0.0050205   0.0050205    -4.09969
  359.62851   0.0153182   0.0051061   0.0051061   0.0051061   0.0051061   0.0051061    -4.07248
  359.65572   0.0155883   0.0051961   0.0051961   0.0051961   0.0051961   0.0051961    -4.04526
  359.68293   0.0158724   0.0052908   0.0052908   0.0052908   0.0052908   0.0052908    -4.01805
  359.71014   0.0161714   0.0053905   0.0053905   0.0053905   0.0053905   0.0053905    -3.99084
  359.73735   0.0164862   0.0054954   0.0054954   0.0054954   0.0054954   0.0054954    -3.96363
  359.76456   0.0168177   0.0056059   0.0056059   0.0056059   0.0056059   0.0056059    -3.93642
  359.79178   0.0171669   0.0057223   0.0057223   0.0057223   0.0057223   0.0057223    -3.90921
  359.81899   0.0175349   0.0058450   0.0058450   0.0058450   0.0058450   0.0058450    -3.88199
  359.84620   0.0179228   0.0059743   0.0059743   0.0059743   0.0059743   0.0059743    -3.85478
  359.87341   0.0183321   0.0061107   0.0061107   0.0061107   0.0061107   0.0061107    -3.82757
  359.90062   0.0187640   0.0062547   0.0062547   0.0062547   0.0062547   0.0062547    -3.80036
  359.92783   0.0192201   0.0064067   0.0064067   0.0064067   0.0064067   0.0064067    -3.77315
  359.95504   0.0197019   0.0065673   0.0065673   0.0065673   0.0065673   0.0065673    -3.74594
  359.98226   0.0202114   0.0067371   0.0067371   0.0067371   0.0067371   0.0067371    -3.71872
  360.00947   0.0207503   0.0069168   0.0069168   0.0069168   0.0069168   0.0069168    -3.69151
  360.03668   0.0213208   0.0071069   0.0071069   0.0071069   0.0071069   0.0071069    -3.66430
  360.06389   0.0219251   0.0073084   0.0073084   0.0073084   0.0073084   0.0073084    -3.63709
  360.09110   0.0225659   0.0075220   0.0075220   0.0075220   0.0075220   0.0075220    -3.60988
  360.11831   0.0232457   0.0077486   0.0077486   0.0077486   0.0077486   0.0077486    -3.58267
  360.14553   0.0239675   0.0079892   0.0079892   0.0079892   0.0079892   0.0079892    -3.55545
  360.17274   0.0247347   0.0082449   0.0082449   0.0082449   0.0082449   0.0082449    -3.52824
  360.19995   0.0255508   0.0085169   0.0085169   0.0085169   0.0085169   0.0085169    -3.50103
  360.22716   0.0264198   0.0088066   0.0088066   0.0088066   0.0088066   0.0088066    -3.47382
  360.25437   0.0273461   0.0091154   0.0091154   0.0091154   0.0091154   0.0091154    -3.44661
  360.28158   0.0283344   0.0094448   0.0094448   0.0094448   0.0094448   0.0094448    -3.41940
  360.30880   0.0293902   0.0097967   0.0097967   0.0097967   0.0097967   0.0097967    -3.39219
  360.33601   0.0305194   0.0101731   0.0101731   0.0101731   0.0101731   0.0101731    -3.36497
  360.36322   0.0317287   0.0105762   0.0105762   0.0105762   0.0105762   0.0105762    -3.33776
  360.39043   0.0330256   0.0110085   0.0110085   0.0110085   0.0110085   0.0110085    -3.31055
  360.41764   0.0344186   0.0114729   0.0114729   0.0114729   0.0114729   0.0114729    -3.28334
  360.44485   0.0359171   0.0119724   0.0119724   0.0119724   0.0119724   0.0119724    -3.25613
  360.47207   0.0375321   0.0125107   0.0125107   0.0125107   0.0125107   0.0125107    -3.22892
  360.49928   0.0392761   0.0130920   0.0130920   0.0130920   0.0130920   0.0130920    -3.20170
  360.52649   0.0411635   0.0137212   0.0137212   0.0137211   0.0137212   0.0137212    -3.17449
  360.55370   0.0432110   0.0144037   0.0144037   0.0144037   0.0144037   0.0144037    -3.14728
  360.58091   0.0454385   0.0151462   0.0151462   0.0151461   0.0151462   0.0151462    -3.12007
  360.60812   0.0478691   0.0159564   0.0159564   0.0159564   0.0159564   0.0159564    -3.09286
  360.63533   0.0505308   0.0168436   0.0168436   0.0168436   0.0168436   0.0168436    -3.06565
  360.66255   0.0534567   0.0178189   0.0178189   0.0178189   0.0178189   0.0178189    -3.03843
  360.68976   0.0566865   0.0188955   0.0188955   0.0188955   0.0188955   0.0188955    -3.01122
  360.71697   0.0602668   0.0200889   0.0200889   0.0200889   0.0200889   0.0200889    -2.98401
  360.74418   0.0642504   0.0214168   0.0214168   0.0214168   0.0214168   0.0214168    -2.95680
  360.77139   0.0686929   0.0228976   0.0228976   0.0228976   0.0228976   0.0228976    -2.92959
  360.79860   0.0736419   0.0245473   0.0245473   0.0245473   0.0245473   0.0245473    -2.90238
  360.82582   0.0791198   0.0263733   0.0263733   0.0263733   0.0263733   0.0263733    -2.87516
  360.85303   0.0850997   0.0283666   0.0283666   0.0283665   0.0283666   0.0283666    -2.84795
  360.88024   0.0914908   0.0304970   0.0304970   0.0304969   0.0304970   0.0304970    -2.82074
  360.90745   0.0981647   0.0327216   0.0327216   0.0327215   0.0327216   0.0327216    -2.79353
  360.93466   0.1050279   0.0350093   0.0350093   0.0350093   0.0350093   0.0350093    -2.76632
  360.96187   0.1121004   0.0373668   0.0373668   0.0373668   0.0373668   0.0373668    -2.73911
  360.98909   0.1195308   0.0398436   0.0398436   0.0398436   0.0398436   0.0398436    -2.71190
  361.01630   0.1275459   0.0425153   0.0425153   0.0425153   0.0425153   0.0425153    -2.68468
  361.04351   0.1363875   0.0454625   0.0454625   0.0454625   0.0454625   0.0454625    -2.65747
  361.07072   0.1462803   0.0487601   0.0487601   0.0487601   0.0487601   0.0487601    -2.63026
  361.09793   0.1574302   0.0524768   0.0524768   0.0524767   0.0524768   0.0524768    -2.60305
  361.12514   0.1700370   0.0566791   0.0566791   0.0566789   0.0566791   0.0566791    -2.57584
  361.15236   0.1843115   0.0614372   0.0614372   0.0614371   0.0614372   0.0614372    -2.54863
  361.17957   0.2004880   0.0668294   0.0668294   0.0668292   0.0668294   0.0668294    -2.52141
  361.20678   0.2188367   0.0729456   0.0729456   0.0729455   0.0729456   0.0729456    -2.49420
  361.23399   0.2396712   0.0798904   0.0798904   0.0798903   0.0798904   0.0798904    -2.46699
  361.26120   0.2633584   0.0877862   0.0877862   0.0877860   0.0877862   0.0877862    -2.43978
  361.28841   0.2903258   0.0967753   0.0967753   0.0967751   0.0967753   0.0967753    -2.41257
  361.31562   0.3210678   0.1070227   0.1070227   0.1070224   0.1070227   0.1070227    -2.38536
  361.34284   0.3561542   0.1187182   0.1187182   0.1187179   0.1187182   0.1187182    -2.35814
  361.37005   0.3962306   0.1320770   0.1320770   0.1320766   0.1320770   0.1320770    -2.33093
  361.39726   0.4420149   0.1473384   0.1473384   0.1473381   0.1473384   0.1473384    -2.30372
  361.42447   0.4942879   0.1647628   0.1647628   0.1647624   0.1647628   0.1647628    -2.27651
  361.45168   0.5538609   0.1846204   0.1846204   0.1846200   0.1846204   0.1846204    -2.24930
  361.47889   0.6215259   0.2071754   0.2071754   0.2071750   0.2071754   0.2071754    -2.22209
  361.50611   0.6979600   0.2326536   0.2326536   0.2326529   0.2326536   0.2326536    -2.19487
  361.53332   0.7836017   0.2612007   0.2612007   0.2612002   0.2612007   0.2612007    -2.16766
  361.56053   0.8784447   0.2928151   0.2928151   0.2928145   0.2928151   0.2928151    -2.14045
  361.58774   0.9817956   0.3272655   0.3272655   0.3272646   0.3272655   0.3272655    -2.11324
  361.61495   1.0919619   0.3639875   0.3639875   0.3639869   0.3639875   0.3639875    -2.08603
  361.64216   1.2058926   0.4019644   0.4019644   0.4019638   0.4019644   0.4019644    -2.05882
  361.66938   1.3187678   0.4395895   0.4395895   0.4395888   0.4395895   0.4395895    -2.03161
  361.69659   1.4236588   0.4745531   0.4745532   0.4745525   0.4745531   0.4745531    -2.00439
  361.72380   1.5119285   0.5039763   0.5039763   0.5039759   0.5039763   0.5039763    -1.97718
  361.75101   1.5757153   0.5252385   0.5252385   0.5252383   0.5252385   0.5252385    -1.94997
  361.77822   1.6117740   0.5372580   0.5372580   0.5372580   0.5372580   0.5372580    -1.92276
  361.80543   1.6225370   0.5408457   0.5408457   0.5408456   0.5408457   0.5408457    -1.89555
  361.83265   1.6132370   0.5377456   0.5377456   0.5377459   0.5377456   0.5377456    -1.86834
  361.85986   1.5862448   0.5287481   0.5287481   0.5287486   0.5287481   0.5287481    -1.84112
  361.88707   1.5338492   0.5112828   0.5112828   0.5112835   0.5112828   0.5112828    -1.81391
  361.91428   1.4529227   0.4843073   0.4843074   0.4843080   0.4843074   0.4843074    -1.78670
  361.94149   1.3618120   0.4539372   0.4539371   0.4539377   0.4539372   0.4539372    -1.75949
  361.96870   1.2742236   0.4247410   0.4247410   0.4247416   0.4247410   0.4247410    -1.73228
  361.99591   1.1926295   0.3975429   0.3975429   0.3975436   0.3975429   0.3975429    -1.70507
  362.02313   1.1165875   0.3721957   0.3721957   0.3721962   0.3721957   0.3721957    -1.67785
  362.05034   1.0462565   0.3487520   0.3487520   0.3487525   0.3487520   0.3487520    -1.65064
  362.07755   0.9817520   0.3272505   0.3272505   0.3272510   0.3272505   0.3272505    -1.62343
  362.10476   0.9228693   0.3076229   0.3076229   0.3076235   0.3076229   0.3076229    -1.59622
  362.13197   0.8693359   0.2897785   0.2897785   0.2897789   0.2897785   0.2897785    -1.56901
  362.15918   0.8208277   0.2736091   0.2736091   0.2736095   0.2736091   0.2736091    -1.54180
  362.18640   0.7769829   0.2589942   0.2589942   0.2589945   0.2589942   0.2589942    -1.51458
  362.21361   0.7374177   0.2458058   0.2458058   0.2458061   0.2458058   0.2458058    -1.48737
  362.24082   0.7017544   0.2339180   0.2339180   0.2339183   0.2339180   0.2339180    -1.46016
  362.26803   0.6696281   0.2232093   0.2232093   0.2232095   0.2232093   0.2232093    -1.43295
  362.29524   0.6406988   0.2135662   0.2135662   0.2135664   0.2135662   0.2135662    -1.40574
  362.32245   0.6146571   0.2048856   0.2048856   0.2048858   0.2048856   0.2048856    -1.37853
  362.34967   0.5912196   0.1970732   0.1970732   0.1970733   0.1970732   0.1970732    -1.35132
  362.37688   0.5701344   0.1900448   0.1900448   0.1900449   0.1900448   0.1900448    -1.32410
  362.40409   0.5511774   0.1837258   0.1837258   0.1837259   0.1837258   0.1837258    -1.29689
  362.43130   0.5341492   0.1780497   0.1780497   0.1780498   0.1780497   0.1780497    -1.26968
  362.45851   0.5188750   0.1729583   0.1729583   0.1729584   0.1729583   0.1729583    -1.24247
  362.48572   0.5052011   0.1684004   0.1684004   0.1684004   0.1684004   0.1684004    -1.21526
  362.51294   0.4929933   0.1643311   0.1643311   0.1643311   0.1643311   0.1643311    -1.18805
  362.54015   0.4821341   0.1607114   0.1607114   0.1607114   0.1607114   0.1607114    -1.16083
  362.56736   0.4725232   0.1575077   0.1575077   0.1575077   0.1575077   0.1575077    -1.13362
  362.59457   0.4640733   0.1546911   0.1546911   0.1546911   0.1546911   0.1546911    -1.10641
  362.62178   0.4567107   0.1522369   0.1522369   0.1522368   0.1522369   0.1522369    -1.07920
  362.64899   0.4503731   0.1501244   0.1501244   0.1501244   0.1501244   0.1501244    -1.05199
  362.67620   0.4450096   0.1483366   0.1483366   0.1483365   0.1483366   0.1483366    -1.02478
  362.70342   0.4405795   0.1468598   0.1468598   0.1468598   0.1468598   0.1468598    -0.99756
  362.73063   0.4370520   0.1456840   0.1456840   0.1456840   0.1456840   0.1456840    -0.97035
  362.75784   0.4344057   0.1448019   0.1448019   0.1448018   0.1448019   0.1448019    -0.94314
  362.78505   0.4326291   0.1442098   0.1442098   0.1442096   0.1442098   0.1442098    -0.91593
  362.81226   0.4317201   0.1439068   0.1439068   0.1439066   0.1439068   0.1439068    -0.88872
  362.83947   0.4316868   0.1438957   0.1438957   0.1438955   0.1438957   0.1438957    -0.86151
  362.86669   0.4325475   0.1441826   0.1441826   0.1441824   0.1441826   0.1441826    -0.83429
  362.89390   0.4343326   0.1447776   0.1447776   0.1447774   0.1447776   0.1447776    -0.80708
  362.92111   0.4370839   0.1456947   0.1456947   0.1456945   0.1456947   0.1456947    -0.77987
  362.94832   0.4408584   0.1469529   0.1469529   0.1469527   0.1469529   0.1469529    -0.75266
  362.97553   0.4457284   0.1485762   0.1485762   0.1485759   0.1485762   0.1485762    -0.72545
  363.00274   0.4517842   0.1505948   0.1505948   0.1505946   0.1505948   0.1505948    -0.69824
  363.02996   0.4591376   0.1530460   0.1530460   0.1530456   0.1530460   0.1530460    -0.67103
  363.05717   0.4679251   0.1559751   0.1559752   0.1559748   0.1559752   0.1559752    -0.64381
  363.08438   0.4783120   0.1594375   0.1594375   0.1594370   0.1594375   0.1594375    -0.61660
  363.11159   0.4904977   0.1634994   0.1634994   0.1634989   0.1634994   0.1634994    -0.58939
  363.13880   0.5047223   0.1682410   0.1682410   0.1682403   0.1682410   0.1682410    -0.56218
  363.16601   0.5212758   0.1737588   0.1737588   0.1737581   0.1737588   0.1737588    -0.53497
  363.19323   0.5405049   0.1801686   0.1801686   0.1801678   0.1801686   0.1801686    -0.50776
  363.22044   0.5628267   0.1876092   0.1876092   0.1876083   0.1876092   0.1876092    -0.48054
  363.24765   0.5887387   0.1962466   0.1962466   0.1962455   0.1962466   0.1962466    -0.45333
  363.27486   0.6188378   0.2062797   0.2062797   0.2062784   0.2062797   0.2062797    -0.42612
  363.30207   0.6538349   0.2179455   0.2179455   0.2179439   0.2179455   0.2179455    -0.39891
  363.32928   0.6945675   0.2315231   0.2315231   0.2315214   0.2315231   0.2315231    -0.37170
  363.35649   0.7420204   0.2473408   0.2473408   0.2473389   0.2473408   0.2473408    -0.34449
  363.38371   0.7973270   0.2657764   0.2657764   0.2657743   0.2657764   0.2657764    -0.31727
  363.41092   0.8617585   0.2872537   0.2872537   0.2872512   0.2872537   0.2872537    -0.29006
  363.43813   0.9366807   0.3122281   0.3122281   0.3122246   0.3122281   0.3122281    -0.26285
  363.46534   1.0234464   0.3411498   0.3411498   0.3411468   0.3411498   0.3411498    -0.23564
  363.49255   1.1231921   0.3743988   0.3743988   0.3743945   0.3743988   0.3743988    -0.20843
  363.51976   1.2364613   0.4121555   0.4121555   0.4121504   0.4121555   0.4121555    -0.18122
  363.54698   1.3626307   0.4542121   0.4542122   0.4542064   0.4542122   0.4542122    -0.15400
  363.57419   1.4990961   0.4997003   0.4997004   0.4996954   0.4997003   0.4997003    -0.12679
  363.60140   1.6402698   0.5467585   0.5467585   0.5467528   0.5467585   0.5467585    -0.09958
  363.62861   1.7767982   0.5922680   0.5922680   0.5922621   0.5922680   0.5922680    -0.07237
  363.65582   1.8956045   0.6318694   0.6318695   0.6318655   0.6318695   0.6318695    -0.04516
  363.68303   1.9815927   0.6605321   0.6605321   0.6605285   0.6605321   0.6605321    -0.01795
  363.71025   2.0212350   0.6737453   0.6737453   0.6737443   0.6737453   0.6737453     0.00926
  363.73746   2.0070138   0.6690045   0.6690045   0.6690049   0.6690045   0.6690045     0.03648
  363.76467   1.9403299   0.6467757   0.6467757   0.6467784   0.6467757   0.6467757     0.06369
  363.79188   1.8309686   0.6103217   0.6103217   0.6103252   0.6103217   0.6103217     0.09090
  363.81909   1.6935174   0.5645042   0.5645041   0.5645091   0.5645042   0.5645042     0.11811
  363.84630   1.5429433   0.5143129   0.5143128   0.5143176   0.5143129   0.5143129     0.14532
  363.87352   1.3914350   0.4638098   0.4638098   0.4638154   0.4638098   0.4638098     0.17253
  363.90073   1.2472687   0.4157546   0.4157546   0.4157595   0.4157546   0.4157546     0.19975
  363.92794   1.1150549   0.3716835   0.3716835   0.3716879   0.3716835   0.3716835     0.22696
  363.95515   0.9967039   0.3322331   0.3322331   0.3322378   0.3322331   0.3322331     0.25417
  363.98236   0.8923664   0.2974541   0.2974541   0.2974583   0.2974541   0.2974541     0.28138
  364.00957   0.8012289   0.2670754   0.2670754   0.2670782   0.2670754   0.2670754     0.30859
  364.03678   0.7220053   0.2406676   0.2406675   0.2406702   0.2406675   0.2406675     0.33580
  364.06400   0.6532776   0.2177583   0.2177583   0.2177610   0.2177583   0.2177583     0.36302
  364.09121   0.5936609   0.1978863   0.1978863   0.1978883   0.1978863   0.1978863     0.39023
  364.11842   0.5418832   0.1806270   0.1806270   0.1806292   0.1806270   0.1806270     0.41744
  364.14563   0.4968255   0.1656079   0.1656079   0.1656096   0.1656079   0.1656079     0.44465
  364.17284   0.4575202   0.1525063   0.1525063   0.1525076   0.1525063   0.1525063     0.47186
  364.20005   0.4231366   0.1410450   0.1410450   0.1410466   0.1410450   0.1410450     0.49907
  364.22727   0.3929763   0.1309917   0.1309917   0.1309929   0.1309917   0.1309917     0.52629
  364.25448   0.3664451   0.1221481   0.1221481   0.1221490   0.1221481   0.1221481     0.55350
  364.28169   0.3430436   0.1143475   0.1143475   0.1143485   0.1143475   0.1143475     0.58071
  364.30890   0.3223500   0.1074498   0.1074498   0.1074505   0.1074498   0.1074498     0.60792
  364.33611   0.3040079   0.1013358   0.1013358   0.1013363   0.1013358   0.1013358     0.63513
  364.36332   0.2877140   0.0959045   0.0959045   0.0959050   0.0959045   0.0959045     0.66234
  364.39054   0.2732117   0.0910703   0.0910703   0.0910710   0.0910703   0.0910703     0.68955
  364.41775   0.2602828   0.0867608   0.0867608   0.0867612   0.0867608   0.0867608     0.71677
  364.44496   0.2487400   0.0829132   0.0829132   0.0829136   0.0829132   0.0829132     0.74398
  364.47217   0.2384236   0.0794744   0.0794744   0.0794748   0.0794744   0.0794744     0.77119
  364.49938   0.2291956   0.0763984   0.0763984   0.0763988   0.0763984   0.0763984     0.79840
  364.52659   0.2209384   0.0736460   0.0736460   0.0736464   0.0736460   0.0736460     0.82561
  364.55381   0.2135491   0.0711829   0.0711829   0.0711833   0.0711829   0.0711829     0.85282
  364.58102   0.2069392   0.0689796   0.0689796   0.0689799   0.0689796   0.0689796     0.88004
  364.60823   0.2010317   0.0670105   0.0670105   0.0670107   0.0670105   0.0670105     0.90725
  364.63544   0.1957588   0.0652528   0.0652528   0.0652531   0.0652528   0.0652528     0.93446
  364.66265   0.1910616   0.0636871   0.0636871   0.0636874   0.0636871   0.0636871     0.96167
  364.68986   0.1868874   0.0622957   0.0622957   0.0622959   0.0622957   0.0622957     0.98888
  364.71707   0.1831890   0.0610629   0.0610629   0.0610631   0.0610629   0.0610629     1.01609
  364.74429   0.1799245   0.0599748   0.0599748   0.0599749   0.0599748   0.0599748     1.04331
  364.77150   0.1770548   0.0590182   0.0590182   0.0590184   0.0590182   0.0590182     1.07052
  364.79871   0.1745445   0.0581814   0.0581814   0.0581816   0.0581814   0.0581814     1.09773
  364.82592   0.1723596   0.0574532   0.0574532   0.0574533   0.0574532   0.0574532     1.12494
  364.85313   0.1704684   0.0568228   0.0568228   0.0568229   0.0568228   0.0568228     1.15215
  364.88034   0.1688395   0.0562798   0.0562798   0.0562800   0.0562798   0.0562798     1.17936
  364.90756   0.1674425   0.0558141   0.0558141   0.0558143   0.0558141   0.0558141     1.20658
  364.93477   0.1662476   0.0554158   0.0554158   0.0554160   0.0554158   0.0554158     1.23379
  364.96198   0.1652243   0.0550747   0.0550747   0.0550749   0.0550747   0.0550747     1.26100
  364.98919   0.1643431   0.0547810   0.0547810   0.0547811   0.0547810   0.0547810     1.28821
  365.01640   0.1635737   0.0545245   0.0545245   0.0545247   0.0545245   0.0545245     1.31542
  365.04361   0.1628864   0.0542954   0.0542954   0.0542955   0.0542954   0.0542954     1.34263
  365.07083   0.1622518   0.0540839   0.0540839   0.0540840   0.0540839   0.0540839     1.36984
  365.09804   0.1616413   0.0538804   0.0538804   0.0538805   0.0538804   0.0538804     1.39706
  365.12525   0.1610276   0.0536758   0.0536758   0.0536759   0.0536758   0.0536758     1.42427
  365.15246   0.1603848   0.0534616   0.0534616   0.0534616   0.0534616   0.0534616     1.45148
  365.17967   0.1596896   0.0532298   0.0532298   0.0532299   0.0532298   0.0532298     1.47869
  365.20688   0.1589214   0.0529738   0.0529738   0.0529739   0.0529738   0.0529738     1.50590
  365.23410   0.1580627   0.0526876   0.0526876   0.0526876   0.0526876   0.0526876     1.53311
  365.26131   0.1571000   0.0523667   0.0523667   0.0523667   0.0523667   0.0523667     1.56033
  365.28852   0.1560234   0.0520078   0.0520078   0.0520078   0.0520078   0.0520078     1.58754
  365.31573   0.1548277   0.0516092   0.0516092   0.0516093   0.0516092   0.0516092     1.61475
  365.34294   0.1535116   0.0511705   0.0511705   0.0511706   0.0511705   0.0511705     1.64196
  365.37015   0.1520781   0.0506927   0.0506927   0.0506928   0.0506927   0.0506927     1.66917
  365.39736   0.1505340   0.0501780   0.0501780   0.0501780   0.0501780   0.0501780     1.69638
  365.42458   0.1488898   0.0496299   0.0496299   0.0496300   0.0496299   0.0496299     1.72360
  365.45179   0.1471588   0.0490529   0.0490529   0.0490530   0.0490529   0.0490529     1.75081
  365.47900   0.1453571   0.0484524   0.0484524   0.0484524   0.0484524   0.0484524     1.77802
  365.50621   0.1435028   0.0478342   0.0478342   0.0478343   0.0478342   0.0478342     1.80523
  365.53342   0.1416154   0.0472051   0.0472051   0.0472051   0.0472051   0.0472051     1.83244
  365.56063   0.1397151   0.0465717   0.0465717   0.0465717   0.0465717   0.0465717     1.85965
  365.58785   0.1378232   0.0459410   0.0459411   0.0459411   0.0459411   0.0459411     1.88687
  365.61506   0.1359607   0.0453202   0.0453202   0.0453202   0.0453202   0.0453202     1.91408
  365.64227   0.1341486   0.0447162   0.0447162   0.0447162   0.0447162   0.0447162     1.94129
  365.66948   0.1324076   0.0441359   0.0441359   0.0441359   0.0441359   0.0441359     1.96850
  365.69669   0.1307577   0.0435859   0.0435859   0.0435859   0.0435859   0.0435859     1.99571
  365.72390   0.1292184   0.0430728   0.0430728   0.0430728   0.0430728   0.0430728     2.02292
  365.75112   0.1278091   0.0426030   0.0426030   0.0426030   0.0426030   0.0426030     2.05013
  365.77833   0.1265483   0.0421828   0.0421828   0.0421828   0.0421828   0.0421828     2.07735
  365.80554   0.1254546   0.0418182   0.0418182   0.0418182   0.0418182   0.0418182     2.10456
  365.83275   0.1245463   0.0415154   0.0415154   0.0415154   0.0415154   0.0415154     2.13177
  365.85996   0.1238421   0.0412807   0.0412807   0.0412807   0.0412807   0.0412807     2.15898
  365.88717   0.1233615   0.0411205   0.0411205   0.0411205   0.0411205   0.0411205     2.18619
  365.91439   0.1231244   0.0410415   0.0410415   0.0410414   0.0410415   0.0410415     2.21340
  365.94160   0.1231523   0.0410508   0.0410508   0.0410508   0.0410508   0.0410508     2.24062
  365.96881   0.1234685   0.0411562   0.0411562   0.0411561   0.0411562   0.0411562     2.26783
  365.99602   0.1240983   0.0413661   0.0413661   0.0413661   0.0413661   0.0413661     2.29504
  366.02323   0.1250703   0.0416901   0.0416901   0.0416901   0.0416901   0.0416901     2.32225
  366.05044   0.1264161   0.0421387   0.0421387   0.0421387   0.0421387   0.0421387     2.34946
  366.07765   0.1281719   0.0427240   0.0427240   0.0427239   0.0427240   0.0427240     2.37667
  366.10487   0.1303792   0.0434598   0.0434598   0.0434597   0.0434598   0.0434598     2.40389
  366.13208   0.1330853   0.0443618   0.0443618   0.0443617   0.0443618   0.0443618     2.43110
  366.15929   0.1363453   0.0454484   0.0454484   0.0454484   0.0454484   0.0454484     2.45831
  366.18650   0.1402233   0.0467411   0.0467411   0.0467411   0.0467411   0.0467411     2.48552
  366.21371   0.1447937   0.0482646   0.0482646   0.0482645   0.0482646   0.0482646     2.51273
  366.24092   0.1501436   0.0500479   0.0500479   0.0500478   0.0500479   0.0500479     2.53994
  366.26814   0.1563748   0.0521249   0.0521249   0.0521249   0.0521249   0.0521249     2.56716
  366.29535   0.1636069   0.0545357   0.0545357   0.0545356   0.0545357   0.0545357     2.59437
  366.32256   0.1719800   0.0573267   0.0573267   0.0573266   0.0573267   0.0573267     2.62158
  366.34977   0.1816576   0.0605526   0.0605526   0.0605525   0.0605526   0.0605526     2.64879
  366.37698   0.1928313   0.0642771   0.0642771   0.0642770   0.0642771   0.0642771     2.67600
  366.40419   0.2057223   0.0685741   0.0685741   0.0685740   0.0685741   0.0685741     2.70321
  366.43141   0.2205861   0.0735288   0.0735288   0.0735286   0.0735288   0.0735288     2.73042
  366.45862   0.2377140   0.0792381   0.0792381   0.0792379   0.0792381   0.0792381     2.75764
  366.48583   0.2574311   0.0858104   0.0858104   0.0858103   0.0858104   0.0858104     2.78485
  366.51304   0.2800927   0.0933643   0.0933643   0.0933641   0.0933643   0.0933643     2.81206
  366.54025   0.3060724   0.1020242   0.1020242   0.1020240   0.1020242   0.1020242     2.83927
  366.56746   0.3357389   0.1119130   0.1119130   0.1119128   0.1119130   0.1119130     2.86648
  366.59468   0.3694172   0.1231392   0.1231392   0.1231389   0.1231392   0.1231392     2.89369
  366.62189   0.4073275   0.1357759   0.1357759   0.1357756   0.1357759   0.1357759     2.92091
  366.64910   0.4494995   0.1498333   0.1498333   0.1498330   0.1498333   0.1498333     2.94812
  366.67631   0.4956516   0.1652173   0.1652173   0.1652170   0.1652173   0.1652173     2.97533
  366.70352   0.5450582   0.1816862   0.1816862   0.1816858   0.1816862   0.1816862     3.00254
  366.73073   0.5964132   0.1988045   0.1988045   0.1988042   0.1988045   0.1988045     3.02975
  366.75794   0.6477481   0.2159162   0.2159162   0.2159158   0.2159162   0.2159162     3.05696
  366.78516   0.6964671   0.2321558   0.2321558   0.2321555   0.2321558   0.2321558     3.08418
  366.81237   0.7395639   0.2465214   0.2465214   0.2465211   0.2465214   0.2465214     3.11139
  366.83958   0.7740340   0.2580114   0.2580114   0.2580112   0.2580114   0.2580114     3.13860
  366.86679   0.7974126   0.2658042   0.2658042   0.2658042   0.2658042   0.2658042     3.16581
  366.89400   0.8082695   0.2694232   0.2694232   0.2694231   0.2694232   0.2694232     3.19302
  366.92121   0.8064844   0.2688281   0.2688281   0.2688282   0.2688281   0.2688281     3.22023
  366.94843   0.7931947   0.2643981   0.2643981   0.2643984   0.2643981   0.2643981     3.24745
  366.97564   0.7704538   0.2568179   0.2568179   0.2568181   0.2568179   0.2568179     3.27466
  367.00285   0.7407634   0.2469211   0.2469211   0.2469213   0.2469211   0.2469211     3.30187
  367.03006   0.7066280   0.2355426   0.2355426   0.2355428   0.2355426   0.2355426     3.32908
  367.05727   0.6702498   0.2234165   0.2234165   0.2234168   0.2234165   0.2234165     3.35629
  367.08448   0.6333810   0.2111269   0.2111269   0.2111272   0.2111269   0.2111269     3.38350
  367.11170   0.5972965   0.1990987   0.1990987   0.1990990   0.1990987   0.1990987     3.41071
  367.13891   0.5628465   0.1876154   0.1876154   0.1876157   0.1876154   0.1876154     3.43793
  367.16612   0.5305406   0.1768468   0.1768468   0.1768471   0.1768468   0.1768468     3.46514
  367.19333   0.5006362   0.1668786   0.1668786   0.1668789   0.1668786   0.1668786     3.49235
  367.22054   0.4732139   0.1577379   0.1577379   0.1577381   0.1577379   0.1577379     3.51956
  367.24775   0.4482398   0.1494132   0.1494132   0.1494134   0.1494132   0.1494132     3.54677
  367.27497   0.4256075   0.1418691   0.1418691   0.1418693   0.1418691   0.1418691     3.57398
  367.30218   0.4051720   0.1350573   0.1350573   0.1350574   0.1350573   0.1350573     3.60120
  367.32939   0.3867689   0.1289229   0.1289229   0.1289231   0.1289229   0.1289229     3.62841
  367.35660   0.3702293   0.1234097   0.1234097   0.1234098   0.1234097   0.1234097     3.65562
  367.38381   0.3553854   0.1184618   0.1184618   0.1184619   0.1184618   0.1184618     3.68283
  367.41102   0.3420779   0.1140259   0.1140259   0.1140260   0.1140259   0.1140259     3.71004
  367.43823   0.3301555   0.1100518   0.1100518   0.1100519   0.1100518   0.1100518     3.73725
  367.46545   0.3194769   0.1064923   0.1064923   0.1064923   0.1064923   0.1064923     3.76447
  367.49266   0.3099117   0.1033039   0.1033039   0.1033039   0.1033039   0.1033039     3.79168
  367.51987   0.3013394   0.1004465   0.1004465   0.1004465   0.1004465   0.1004465     3.81889
  367.54708   0.2936509   0.0978836   0.0978836   0.0978836   0.0978836   0.0978836     3.84610
  367.57429   0.2867492   0.0955831   0.0955831   0.0955831   0.0955831   0.0955831     3.87331
  367.60150   0.2805500   0.0935167   0.0935167   0.0935167   0.0935167   0.0935167     3.90052
  367.62872   0.2749823   0.0916608   0.0916608   0.0916608   0.0916608   0.0916608     3.92774
  367.65593   0.2699884   0.0899961   0.0899961   0.0899961   0.0899961   0.0899961     3.95495
  367.68314   0.2655232   0.0885077   0.0885077   0.0885077   0.0885077   0.0885077     3.98216
  367.71035   0.2615516   0.0871839   0.0871839   0.0871839   0.0871839   0.0871839     4.00937
  367.73756   0.2580474   0.0860158   0.0860158   0.0860158   0.0860158   0.0860158     4.03658
  367.76477   0.2549904   0.0849968   0.0849968   0.0849968   0.0849968   0.0849968     4.06379
  367.79199   0.2523657   0.0841219   0.0841219   0.0841219   0.0841219   0.0841219     4.09100
  367.81920   0.2501624   0.0833875   0.0833875   0.0833875   0.0833875   0.0833875     4.11822
  367.84641   0.2483734   0.0827911   0.0827911   0.0827911   0.0827911   0.0827911     4.14543
  367.87362   0.2469949   0.0823317   0.0823317   0.0823316   0.0823317   0.0823317     4.17264
  367.90083   0.2460275   0.0820092   0.0820092   0.0820091   0.0820092   0.0820092     4.19985
  367.92804   0.2454760   0.0818253   0.0818253   0.0818253   0.0818253   0.0818253     4.22706
  367.95526   0.2453497   0.0817833   0.0817833   0.0817832   0.0817833   0.0817833     4.25427
  367.98247   0.2456636   0.0818879   0.0818879   0.0818878   0.0818879   0.0818879     4.28149
  368.00968   0.2464383   0.0821461   0.0821461   0.0821460   0.0821461   0.0821461     4.30870
  368.03689   0.2477008   0.0825670   0.0825670   0.0825669   0.0825670   0.0825670     4.33591
  368.06410   0.2494859   0.0831620   0.0831620   0.0831619   0.0831620   0.0831620     4.36312
  368.09131   0.2518364   0.0839455   0.0839455   0.0839454   0.0839455   0.0839455     4.39033
  368.11852   0.2548048   0.0849350   0.0849350   0.0849348   0.0849350   0.0849350     4.41754
  368.14574   0.2584548   0.0861516   0.0861516   0.0861515   0.0861516   0.0861516     4.44476
  368.17295   0.2628634   0.0876212   0.0876212   0.0876210   0.0876212   0.0876212     4.47197
  368.20016   0.2681230   0.0893744   0.0893744   0.0893742   0.0893744   0.0893744     4.49918
  368.22737   0.2743444   0.0914483   0.0914483   0.0914479   0.0914483   0.0914483     4.52639
  368.25458   0.2816607   0.0938870   0.0938870   0.0938866   0.0938870   0.0938870     4.55360
  368.28179   0.2902315   0.0967439   0.0967440   0.0967436   0.0967439   0.0967439     4.58081
  368.30901   0.3002476   0.1000827   0.1000827   0.1000823   0.1000827   0.1000827     4.60803
  368.33622   0.3119376   0.1039794   0.1039794   0.1039789   0.1039794   0.1039794     4.63524
  368.36343   0.3255744   0.1085250   0.1085250   0.1085244   0.1085250   0.1085250     4.66245
  368.39064   0.3414843   0.1138283   0.1138283   0.1138276   0.1138283   0.1138283     4.68966
  368.41785   0.3600539   0.1200182   0.1200182   0.1200174   0.1200182   0.1200182     4.71687
  368.44506   0.3817376   0.1272462   0.1272462   0.1272453   0.1272462   0.1272462     4.74408
  368.47228   0.4070658   0.1356889   0.1356889   0.1356879   0.1356889   0.1356889     4.77129
  368.49949   0.4366406   0.1455473   0.1455473   0.1455461   0.1455473   0.1455473     4.79851
  368.52670   0.4711258   0.1570424   0.1570424   0.1570409   0.1570424   0.1570424     4.82572
  368.55391   0.5112100   0.1704039   0.1704039   0.1704022   0.1704039   0.1704039     4.85293
  368.58112   0.5575326   0.1858448   0.1858448   0.1858431   0.1858448   0.1858448     4.88014
  368.60833   0.6105430   0.2035151   0.2035152   0.2035127   0.2035151   0.2035151     4.90735
  368.63555   0.6702643   0.2234223   0.2234224   0.2234196   0.2234223   0.2234223     4.93456
  368.66276   0.7359478   0.2453168   0.2453169   0.2453141   0.2453168   0.2453168     4.96178
  368.68997   0.8056080   0.2685368   0.2685368   0.2685343   0.2685368   0.2685368     4.98899
  368.71718   0.8755412   0.2918480   0.2918481   0.2918451   0.2918481   0.2918481     5.01620
  368.74439   0.9400940   0.3133655   0.3133655   0.3133630   0.3133655   0.3133655     5.04341
  368.77160   0.9920538   0.3306852   0.3306852   0.3306834   0.3306852   0.3306852     5.07062
  368.79881   1.0239919   0.3413311   0.3413311   0.3413298   0.3413311   0.3413311     5.09783
  368.82603   1.0303861   0.3434621   0.3434621   0.3434620   0.3434621   0.3434621     5.12505
  368.85324   1.0096205   0.3365399   0.3365399   0.3365406   0.3365399   0.3365399     5.15226
  368.88045   0.9646404   0.3215463   0.3215462   0.3215479   0.3215463   0.3215463     5.17947
  368.90766   0.9018195   0.3006058   0.3006058   0.3006079   0.3006058   0.3006058     5.20668
  368.93487   0.8287998   0.2762658   0.2762657   0.2762682   0.2762658   0.2762658     5.23389
  368.96208   0.7525045   0.2508340   0.2508340   0.2508365   0.2508340   0.2508340     5.26110
  368.98930   0.6780658   0.2260210   0.2260210   0.2260237   0.2260210   0.2260210     5.28832
  369.01651   0.6086603   0.2028860   0.2028860   0.2028883   0.2028860   0.2028860     5.31553
  369.04372   0.5458520   0.1819499   0.1819499   0.1819522   0.1819499   0.1819499     5.34274
  369.07093   0.4901018   0.1633665   0.1633665   0.1633688   0.1633665   0.1633665     5.36995
  369.09814   0.4412025   0.1470669   0.1470669   0.1470687   0.1470669   0.1470669     5.39716
  369.12535   0.3986051   0.1328679   0.1328679   0.1328692   0.1328679   0.1328679     5.42437
  369.15257   0.3616173   0.1205387   0.1205387   0.1205400   0.1205387   0.1205387     5.45158
  369.17978   0.3295317   0.1098435   0.1098435   0.1098447   0.1098435   0.1098435     5.47880
  369.20699   0.3016805   0.1005598   0.1005598   0.1005608   0.1005598   0.1005598     5.50601
  369.23420   0.2774645   0.0924878   0.0924878   0.0924889   0.0924878   0.0924878     5.53322
  369.26141   0.2563629   0.0854541   0.0854541   0.0854548   0.0854541   0.0854541     5.56043
  369.28862   0.2379267   0.0793087   0.0793087   0.0793094   0.0793087   0.0793087     5.58764
  369.31584   0.2217743   0.0739245   0.0739245   0.0739252   0.0739245   0.0739245     5.61485
  369.34305   0.2075840   0.0691945   0.0691945   0.0691950   0.0691945   0.0691945     5.64207
  369.37026   0.1950827   0.0650274   0.0650274   0.0650279   0.0650274   0.0650274     5.66928
  369.39747   0.1840413   0.0613470   0.0613470   0.0613474   0.0613470   0.0613470     5.69649
  369.42468   0.1742658   0.0580885   0.0580885   0.0580888   0.0580885   0.0580885     5.72370
  369.45189   0.1655917   0.0551971   0.0551971   0.0551974   0.0551971   0.0551971     5.75091
  369.47910   0.1578795   0.0526264   0.0526264   0.0526267   0.0526264   0.0526264     5.77812
  369.50632   0.1510108   0.0503368   0.0503368   0.0503371   0.0503368   0.0503368     5.80534
  369.53353   0.1448847   0.0482948   0.0482948   0.0482950   0.0482948   0.0482948     5.83255
  369.56074   0.1394144   0.0464714   0.0464714   0.0464716   0.0464714   0.0464714     5.85976
  369.58795   0.1345257   0.0448419   0.0448419   0.0448420   0.0448419   0.0448419     5.88697
  369.61516   0.1301549   0.0433849   0.0433849   0.0433851   0.0433849   0.0433849     5.91418
  369.64237   0.1262470   0.0420823   0.0420823   0.0420825   0.0420823   0.0420823     5.94139
  369.66959   0.1227541   0.0409180   0.0409180   0.0409181   0.0409180   0.0409180     5.96861
  369.69680   0.1196349   0.0398782   0.0398782   0.0398784   0.0398782   0.0398782     5.99582
  369.72401   0.1168532   0.0389510   0.0389510   0.0389512   0.0389510   0.0389510     6.02303
  369.75122   0.1143774   0.0381258   0.0381258   0.0381259   0.0381258   0.0381258     6.05024
  369.77843   0.1121796   0.0373931   0.0373931   0.0373933   0.0373931   0.0373931     6.07745
  369.80564   0.1102347   0.0367449   0.0367449   0.0367450   0.0367449   0.0367449     6.10466
  369.83286   0.1085204   0.0361734   0.0361734   0.0361735   0.0361734   0.0361734     6.13187
  369.86007   0.1070166   0.0356722   0.0356722   0.0356722   0.0356722   0.0356722     6.15909
  369.88728   0.1057043   0.0352348   0.0352348   0.0352348   0.0352348   0.0352348     6.18630
  369.91449   0.1045664   0.0348554   0.0348554   0.0348555   0.0348554   0.0348554     6.21351
  369.94170   0.1035861   0.0345287   0.0345287   0.0345287   0.0345287   0.0345287     6.24072
  369.96891   0.1027477   0.0342492   0.0342492   0.0342493   0.0342492   0.0342492     6.26793
  369.99613   0.1020355   0.0340118   0.0340118   0.0340119   0.0340118   0.0340118     6.29514
  370.02334   0.1014344   0.0338114   0.0338114   0.0338115   0.0338114   0.0338114     6.32236
  370.05055   0.1009292   0.0336430   0.0336430   0.0336431   0.0336430   0.0336430     6.34957
  370.07776   0.1005045   0.0335015   0.0335015   0.0335015   0.0335015   0.0335015     6.37678
  370.10497   0.1001454   0.0333818   0.0333818   0.0333818   0.0333818   0.0333818     6.40399
  370.13218   0.0998365   0.0332788   0.0332788   0.0332789   0.0332788   0.0332788     6.43120
  370.15939   0.0995628   0.0331876   0.0331876   0.0331876   0.0331876   0.0331876     6.45841
  370.18661   0.0993094   0.0331031   0.0331031   0.0331032   0.0331031   0.0331031     6.48563
  370.21382   0.0990621   0.0330207   0.0330207   0.0330207   0.0330207   0.0330207     6.51284
  370.24103   0.0988072   0.0329357   0.0329357   0.0329358   0.0329357   0.0329357     6.54005
  370.26824   0.0985320   0.0328440   0.0328440   0.0328440   0.0328440   0.0328440     6.56726
  370.29545   0.0982250   0.0327417   0.0327417   0.0327417   0.0327417   0.0327417     6.59447
  370.32266   0.0978763   0.0326254   0.0326254   0.0326255   0.0326254   0.0326254     6.62168
  370.34988   0.0974775   0.0324925   0.0324925   0.0324925   0.0324925   0.0324925     6.64890
  370.37709   0.0970222   0.0323407   0.0323407   0.0323408   0.0323407   0.0323407     6.67611
  370.40430   0.0965059   0.0321686   0.0321686   0.0321687   0.0321686   0.0321686     6.70332
  370.43151   0.0959264   0.0319755   0.0319755   0.0319755   0.0319755   0.0319755     6.73053
  370.45872   0.0952833   0.0317611   0.0317611   0.0317611   0.0317611   0.0317611     6.75774
  370.48593   0.0945782   0.0315260   0.0315260   0.0315261   0.0315260   0.0315260     6.78495
  370.51315   0.0938143   0.0312714   0.0312714   0.0312715   0.0312714   0.0312714     6.81216
  370.54036   0.0929968   0.0309989   0.0309989   0.0309989   0.0309989   0.0309989     6.83938
  370.56757   0.0921316   0.0307105   0.0307105   0.0307105   0.0307105   0.0307105     6.86659
  370.59478   0.0912260   0.0304087   0.0304087   0.0304087   0.0304087   0.0304087     6.89380
  370.62199   0.0902880   0.0300960   0.0300960   0.0300960   0.0300960   0.0300960     6.92101
  370.64920   0.0893257   0.0297752   0.0297752   0.0297753   0.0297752   0.0297752     6.94822
  370.67642   0.0883478   0.0294493   0.0294493   0.0294493   0.0294493   0.0294493     6.97543
  370.70363   0.0873627   0.0291209   0.0291209   0.0291209   0.0291209   0.0291209     7.00265
  370.73084   0.0863783   0.0287928   0.0287928   0.0287928   0.0287928   0.0287928     7.02986
  370.75805   0.0854027   0.0284675   0.0284676   0.0284676   0.0284675   0.0284675     7.05707
  370.78526   0.0844427   0.0281476   0.0281476   0.0281476   0.0281476   0.0281476     7.08428
  370.81247   0.0835051   0.0278350   0.0278350   0.0278350   0.0278350   0.0278350     7.11149
  370.83968   0.0825956   0.0275319   0.0275319   0.0275319   0.0275319   0.0275319     7.13870
  370.86690   0.0817194   0.0272398   0.0272398   0.0272398   0.0272398   0.0272398     7.16592
  370.89411   0.0808810   0.0269603   0.0269603   0.0269603   0.0269603   0.0269603     7.19313
  370.92132   0.0800840   0.0266947   0.0266947   0.0266947   0.0266947   0.0266947     7.22034
  370.94853   0.0793313   0.0264438   0.0264438   0.0264438   0.0264438   0.0264438     7.24755
  370.97574   0.0786256   0.0262085   0.0262085   0.0262085   0.0262085   0.0262085     7.27476
  371.00295   0.0779683   0.0259894   0.0259894   0.0259894   0.0259894   0.0259894     7.30197
  371.03017   0.0773610   0.0257870   0.0257870   0.0257870   0.0257870   0.0257870     7.32919
  371.05738   0.0768040   0.0256013   0.0256013   0.0256013   0.0256013   0.0256013     7.35640
  371.08459   0.0762976   0.0254325   0.0254325   0.0254325   0.0254325   0.0254325     7.38361
  371.11180   0.0758417   0.0252806   0.0252806   0.0252806   0.0252806   0.0252806     7.41082
  371.13901   0.0754354   0.0251451   0.0251451   0.0251451   0.0251451   0.0251451     7.43803
  371.16622   0.0750777   0.0250259   0.0250259   0.0250259   0.0250259   0.0250259     7.46524
  371.19344   0.0747670   0.0249223   0.0249224   0.0249223   0.0249224   0.0249224     7.49245
  371.22065   0.0745016   0.0248339   0.0248339   0.0248339   0.0248339   0.0248339     7.51967
  371.24786   0.0742792   0.0247597   0.0247597   0.0247597   0.0247597   0.0247597     7.54688
  371.27507   0.0740974   0.0246991   0.0246991   0.0246991   0.0246991   0.0246991     7.57409
  371.30228   0.0739534   0.0246511   0.0246511   0.0246511   0.0246511   0.0246511     7.60130
  371.32949   0.0738442   0.0246147   0.0246147   0.0246147   0.0246147   0.0246147     7.62851
  371.35671   0.0737665   0.0245888   0.0245888   0.0245888   0.0245888   0.0245888     7.65572
  371.38392   0.0737169   0.0245723   0.0245723   0.0245723   0.0245723   0.0245723     7.68294
  371.41113   0.0736919   0.0245640   0.0245640   0.0245640   0.0245640   0.0245640     7.71015
  371.43834   0.0736881   0.0245627   0.0245627   0.0245627   0.0245627   0.0245627     7.73736
  371.46555   0.0737017   0.0245672   0.0245672   0.0245672   0.0245672   0.0245672     7.76457
  371.49276   0.0737296   0.0245765   0.0245765   0.0245765   0.0245765   0.0245765     7.79178
  371.51997   0.0737683   0.0245894   0.0245894   0.0245894   0.0245894   0.0245894     7.81899
  371.54719   0.0738151   0.0246050   0.0246050   0.0246050   0.0246050   0.0246050     7.84621
  371.57440   0.0738673   0.0246224   0.0246224   0.0246224   0.0246224   0.0246224     7.87342
  371.60161   0.0739227   0.0246409   0.0246409   0.0246409   0.0246409   0.0246409     7.90063
  371.62882   0.0739797   0.0246599   0.0246599   0.0246599   0.0246599   0.0246599     7.92784
  371.65603   0.0740367   0.0246789   0.0246789   0.0246789   0.0246789   0.0246789     7.95505
  371.68324   0.0740931   0.0246977   0.0246977   0.0246977   0.0246977   0.0246977     7.98226
  371.71046   0.0741479   0.0247160   0.0247160   0.0247160   0.0247160   0.0247160     8.00948
  371.73767   0.0742012   0.0247337   0.0247337   0.0247337   0.0247337   0.0247337     8.03669
  371.76488   0.0742529   0.0247510   0.0247510   0.0247510   0.0247510   0.0247510     8.06390
  371.79209   0.0743033   0.0247678   0.0247678   0.0247678   0.0247678   0.0247678     8.09111
  371.81930   0.0743523   0.0247841   0.0247841   0.0247841   0.0247841   0.0247841     8.11832
  371.84651   0.0744004   0.0248001   0.0248001   0.0248001   0.0248001   0.0248001     8.14553
  371.87373   0.0744478   0.0248159   0.0248159   0.0248159   0.0248159   0.0248159     8.17274
  371.90094   0.0744945   0.0248315   0.0248315   0.0248315   0.0248315   0.0248315     8.19996
  371.92815   0.0745406   0.0248469   0.0248469   0.0248469   0.0248469   0.0248469     8.22717
  371.95536   0.0745860   0.0248620   0.0248620   0.0248620   0.0248620   0.0248620     8.25438
  371.98257   0.0746305   0.0248769   0.0248769   0.0248768   0.0248769   0.0248769     8.28159
  372.00978   0.0746738   0.0248913   0.0248913   0.0248913   0.0248913   0.0248913     8.30880
  372.03700   0.0747154   0.0249051   0.0249051   0.0249051   0.0249051   0.0249051     8.33601
  372.06421   0.0747550   0.0249183   0.0249183   0.0249183   0.0249183   0.0249183     8.36323
  372.09142   0.0747919   0.0249306   0.0249306   0.0249306   0.0249306   0.0249306     8.39044
  372.11863   0.0748260   0.0249420   0.0249420   0.0249420   0.0249420   0.0249420     8.41765
  372.14584   0.0748566   0.0249522   0.0249522   0.0249522   0.0249522   0.0249522     8.44486
  372.17305   0.0748836   0.0249612   0.0249612   0.0249612   0.0249612   0.0249612     8.47207
  372.20026   0.0749068   0.0249689   0.0249690   0.0249689   0.0249689   0.0249689     8.49928
  372.22748   0.0749263   0.0249754   0.0249754   0.0249754   0.0249754   0.0249754     8.52650
  372.25469   0.0749421   0.0249807   0.0249807   0.0249807   0.0249807   0.0249807     8.55371
  372.28190   0.0749546   0.0249849   0.0249849   0.0249849   0.0249849   0.0249849     8.58092
  372.30911   0.0749641   0.0249880   0.0249880   0.0249880   0.0249880   0.0249880     8.60813
  372.33632   0.0749711   0.0249904   0.0249904   0.0249903   0.0249904   0.0249904     8.63534
  372.36353   0.0749758   0.0249919   0.0249919   0.0249919   0.0249919   0.0249919     8.66255
  372.39075   0.0749786   0.0249929   0.0249929   0.0249928   0.0249929   0.0249929     8.68977
  372.41796   0.0749792   0.0249931   0.0249931   0.0249931   0.0249931   0.0249931     8.71698
  372.44517   0.0749772   0.0249924   0.0249924   0.0249924   0.0249924   0.0249924     8.74419
  372.47238   0.0749710   0.0249903   0.0249903   0.0249903   0.0249903   0.0249903     8.77140
  372.49959   0.0749582   0.0249861   0.0249861   0.0249861   0.0249861   0.0249861     8.79861
  372.52680   0.0749352   0.0249784   0.0249784   0.0249784   0.0249784   0.0249784     8.82582
  372.55402   0.0748971   0.0249657   0.0249657   0.0249657   0.0249657   0.0249657     8.85303
  372.58123   0.0748375   0.0249458   0.0249458   0.0249458   0.0249458   0.0249458     8.88025
  372.60844   0.0747491   0.0249164   0.0249164   0.0249164   0.0249164   0.0249164     8.90746
  372.63565   0.0746241   0.0248747   0.0248747   0.0248747   0.0248747   0.0248747     8.93467
  372.66286   0.0744548   0.0248183   0.0248183   0.0248183   0.0248183   0.0248183     8.96188
  372.69007   0.0742349   0.0247450   0.0247450   0.0247449   0.0247450   0.0247450     8.98909
  372.71729   0.0739598   0.0246533   0.0246533   0.0246533   0.0246533   0.0246533     9.01630
  372.74450   0.0736280   0.0245427   0.0245427   0.0245427   0.0245427   0.0245427     9.04352
  372.77171   0.0732399   0.0244133   0.0244133   0.0244133   0.0244133   0.0244133     9.07073
  372.79892   0.0727988   0.0242663   0.0242663   0.0242663   0.0242663   0.0242663     9.09794
  372.82613   0.0723093   0.0241031   0.0241031   0.0241031   0.0241031   0.0241031     9.12515
  372.85334   0.0717766   0.0239255   0.0239255   0.0239255   0.0239255   0.0239255     9.15236
  372.88055   0.0712066   0.0237355   0.0237355   0.0237355   0.0237355   0.0237355     9.17957
  372.90777   0.0706041   0.0235347   0.0235347   0.0235347   0.0235347   0.0235347     9.20679
  372.93498   0.0699740   0.0233247   0.0233247   0.0233247   0.0233247   0.0233247     9.23400
  372.96219   0.0693203   0.0231068   0.0231068   0.0231068   0.0231068   0.0231068     9.26121
  372.98940   0.0686463   0.0228821   0.0228821   0.0228821   0.0228821   0.0228821     9.28842
  373.01661   0.0679552   0.0226517   0.0226517   0.0226517   0.0226517   0.0226517     9.31563
  373.04382   0.0672499   0.0224166   0.0224166   0.0224166   0.0224166   0.0224166     9.34284
  373.07104   0.0665330   0.0221777   0.0221777   0.0221777   0.0221777   0.0221777     9.37006
  373.09825   0.0658070   0.0219357   0.0219357   0.0219357   0.0219357   0.0219357     9.39727
  373.12546   0.0650742   0.0216914   0.0216914   0.0216914   0.0216914   0.0216914     9.42448
  373.15267   0.0643372   0.0214457   0.0214457   0.0214457   0.0214457   0.0214457     9.45169
  373.17988   0.0635979   0.0211993   0.0211993   0.0211993   0.0211993   0.0211993     9.47890
  373.20709   0.0628585   0.0209529   0.0209528   0.0209528   0.0209528   0.0209528     9.50611
  373.23431   0.0621209   0.0207070   0.0207070   0.0207070   0.0207070   0.0207070     9.53332
  373.26152   0.0613867   0.0204622   0.0204622   0.0204622   0.0204622   0.0204622     9.56054
  373.28873   0.0606576   0.0202192   0.0202192   0.0202192   0.0202192   0.0202192     9.58775
  373.31594   0.0599349   0.0199783   0.0199783   0.0199783   0.0199783   0.0199783     9.61496
  373.34315   0.0592199   0.0197400   0.0197400   0.0197400   0.0197400   0.0197400     9.64217
  373.37036   0.0585137   0.0195046   0.0195046   0.0195046   0.0195046   0.0195046     9.66938
  373.39758   0.0578172   0.0192724   0.0192724   0.0192724   0.0192724   0.0192724     9.69659
  373.42479   0.0571312   0.0190437   0.0190437   0.0190437   0.0190437   0.0190437     9.72381
  373.45200   0.0564563   0.0188188   0.0188188   0.0188188   0.0188188   0.0188188     9.75102
  373.47921   0.0557933   0.0185978   0.0185978   0.0185977   0.0185978   0.0185978     9.77823
  373.50642   0.0551422   0.0183807   0.0183807   0.0183807   0.0183807   0.0183807     9.80544
  373.53363   0.0545037   0.0181679   0.0181679   0.0181679   0.0181679   0.0181679     9.83265
  373.56084   0.0538780   0.0179593   0.0179593   0.0179593   0.0179593   0.0179593     9.85986
  373.58806   0.0532652   0.0177551   0.0177551   0.0177551   0.0177551   0.0177551     9.88708
  373.61527   0.0526655   0.0175552   0.0175552   0.0175552   0.0175552   0.0175552     9.91429
  373.64248   0.0520791   0.0173597   0.0173597   0.0173597   0.0173597   0.0173597     9.94150
  373.66969   0.0515058   0.0171686   0.0171686   0.0171686   0.0171686   0.0171686     9.96871
  373.69690   0.0509458   0.0169819   0.0169819   0.0169819   0.0169819   0.0169819     9.99592
  373.72411   0.0503989   0.0167996   0.0167996   0.0167996   0.0167996   0.0167996    10.02313
  373.75133   0.0498651   0.0166217   0.0166217   0.0166217   0.0166217   0.0166217    10.05035
  373.77854   0.0493443   0.0164481   0.0164481   0.0164481   0.0164481   0.0164481    10.07756
  373.80575   0.0488364   0.0162788   0.0162788   0.0162788   0.0162788   0.0162788    10.10477
  373.83296   0.0483412   0.0161137   0.0161137   0.0161137   0.0161137   0.0161137    10.13198
  373.86017   0.0478586   0.0159529   0.0159529   0.0159528   0.0159529   0.0159529    10.15919
  373.88738   0.0473883   0.0157961   0.0157961   0.0157961   0.0157961   0.0157961    10.18640
  373.91460   0.0469303   0.0156434   0.0156434   0.0156434   0.0156434   0.0156434    10.21361
  373.94181   0.0464843   0.0154948   0.0154948   0.0154948   0.0154948   0.0154948    10.24083
  373.96902   0.0460502   0.0153501   0.0153501   0.0153500   0.0153501   0.0153501    10.26804
  373.99623   0.0456277   0.0152092   0.0152092   0.0152092   0.0152092   0.0152092    10.29525
  374.02344   0.0452166   0.0150722   0.0150722   0.0150722   0.0150722   0.0150722    10.32246
  374.05065   0.0448167   0.0149389   0.0149389   0.0149389   0.0149389   0.0149389    10.34967
  374.07787   0.0444279   0.0148093   0.0148093   0.0148093   0.0148093   0.0148093    10.37688
  374.10508   0.0440499   0.0146833   0.0146833   0.0146833   0.0146833   0.0146833    10.40410
  374.13229   0.0436826   0.0145609   0.0145609   0.0145608   0.0145609   0.0145609    10.43131
  374.15950   0.0433256   0.0144419   0.0144419   0.0144419   0.0144419   0.0144419    10.45852
  374.18671   0.0429789   0.0143263   0.0143263   0.0143263   0.0143263   0.0143263    10.48573
  374.21392   0.0426422   0.0142141   0.0142141   0.0142141   0.0142141   0.0142141    10.51294
  374.24113   0.0423153   0.0141051   0.0141051   0.0141051   0.0141051   0.0141051    10.54015
  374.26835   0.0419981   0.0139994   0.0139994   0.0139994   0.0139994   0.0139994    10.56737
  374.29556   0.0416903   0.0138968   0.0138968   0.0138968   0.0138968   0.0138968    10.59458
  374.32277   0.0413919   0.0137973   0.0137973   0.0137973   0.0137973   0.0137973    10.62179
  374.34998   0.0411025   0.0137008   0.0137008   0.0137008   0.0137008   0.0137008    10.64900
  374.37719   0.0408220   0.0136073   0.0136073   0.0136073   0.0136073   0.0136073    10.67621
  374.40440   0.0405504   0.0135168   0.0135168   0.0135168   0.0135168   0.0135168    10.70342
  374.43162   0.0402873   0.0134291   0.0134291   0.0134291   0.0134291   0.0134291    10.73064
  374.45883   0.0400328   0.0133443   0.0133443   0.0133443   0.0133443   0.0133443    10.75785
  374.48604   0.0397865   0.0132622   0.0132622   0.0132622   0.0132622   0.0132622    10.78506
  374.51325   0.0395485   0.0131828   0.0131828   0.0131828   0.0131828   0.0131828    10.81227
  374.54046   0.0393184   0.0131061   0.0131061   0.0131061   0.0131061   0.0131061    10.83948
  374.56767   0.0390963   0.0130321   0.0130321   0.0130321   0.0130321   0.0130321    10.86669
  374.59489   0.0388821   0.0129607   0.0129607   0.0129607   0.0129607   0.0129607    10.89390
  374.62210   0.0386754   0.0128918   0.0128918   0.0128918   0.0128918   0.0128918    10.92112
  374.64931   0.0384764   0.0128255   0.0128255   0.0128255   0.0128255   0.0128255    10.94833
  374.67652   0.0382848   0.0127616   0.0127616   0.0127616   0.0127616   0.0127616    10.97554
  374.70373   0.0381006   0.0127002   0.0127002   0.0127002   0.0127002   0.0127002    11.00275
  374.73094   0.0379236   0.0126412   0.0126412   0.0126412   0.0126412   0.0126412    11.02996
  374.75816   0.0377539   0.0125846   0.0125846   0.0125846   0.0125846   0.0125846    11.05717
  374.78537   0.0375913   0.0125304   0.0125304   0.0125304   0.0125304   0.0125304    11.08439
  374.81258   0.0374357   0.0124786   0.0124786   0.0124786   0.0124786   0.0124786    11.11160
  374.83979   0.0372871   0.0124290   0.0124290   0.0124290   0.0124290   0.0124290    11.13881
  374.86700   0.0371454   0.0123818   0.0123818   0.0123818   0.0123818   0.0123818    11.16602
  374.89421   0.0370105   0.0123368   0.0123368   0.0123368   0.0123368   0.0123368    11.19323
  374.92142   0.0368824   0.0122941   0.0122941   0.0122941   0.0122941   0.0122941    11.22044
  374.94864   0.0367611   0.0122537   0.0122537   0.0122537   0.0122537   0.0122537    11.24766
  374.97585   0.0366464   0.0122155   0.0122155   0.0122155   0.0122155   0.0122155    11.27487
  375.00306   0.0365384   0.0121795   0.0121795   0.0121795   0.0121795   0.0121795    11.30208
  375.03027   0.0364371   0.0121457   0.0121457   0.0121457   0.0121457   0.0121457    11.32929
  375.05748   0.0363424   0.0121141   0.0121141   0.0121141   0.0121141   0.0121141    11.35650
  375.08469   0.0362542   0.0120847   0.0120847   0.0120847   0.0120847   0.0120847    11.38371
  375.11191   0.0361727   0.0120576   0.0120576   0.0120575   0.0120576   0.0120576    11.41093
  375.13912   0.0360976   0.0120326   0.0120326   0.0120325   0.0120326   0.0120326    11.43814
  375.16633   0.0360292   0.0120097   0.0120097   0.0120097   0.0120097   0.0120097    11.46535
  375.19354   0.0359672   0.0119891   0.0119891   0.0119891   0.0119891   0.0119891    11.49256
  375.22075   0.0359118   0.0119706   0.0119706   0.0119706   0.0119706   0.0119706    11.51977
  375.24796   0.0358630   0.0119543   0.0119543   0.0119543   0.0119543   0.0119543    11.54698
  375.27518   0.0358207   0.0119402   0.0119402   0.0119402   0.0119402   0.0119402    11.57419
  375.30239   0.0357850   0.0119283   0.0119283   0.0119283   0.0119283   0.0119283    11.60141
  375.32960   0.0357559   0.0119186   0.0119186   0.0119186   0.0119186   0.0119186    11.62862
  375.35681   0.0357334   0.0119111   0.0119111   0.0119111   0.0119111   0.0119111    11.65583
  375.38402   0.0357175   0.0119058   0.0119058   0.0119058   0.0119058   0.0119058    11.68304
  375.41123   0.0357083   0.0119028   0.0119028   0.0119028   0.0119028   0.0119028    11.71025
  375.43845   0.0357058   0.0119019   0.0119019   0.0119019   0.0119019   0.0119019    11.73746
  375.46566   0.0357100   0.0119033   0.0119033   0.0119033   0.0119033   0.0119033    11.76468
  375.49287   0.0357210   0.0119070   0.0119070   0.0119070   0.0119070   0.0119070    11.79189
  375.52008   0.0357387   0.0119129   0.0119129   0.0119129   0.0119129   0.0119129    11.81910
  375.54729   0.0357633   0.0119211   0.0119211   0.0119211   0.0119211   0.0119211    11.84631
  375.57450   0.0357948   0.0119316   0.0119316   0.0119316   0.0119316   0.0119316    11.87352
  375.60171   0.0358333   0.0119444   0.0119444   0.0119444   0.0119444   0.0119444    11.90073
  375.62893   0.0358787   0.0119596   0.0119596   0.0119596   0.0119596   0.0119596    11.92795
  375.65614   0.0359311   0.0119770   0.0119770   0.0119770   0.0119770   0.0119770    11.95516
  375.68335   0.0359907   0.0119969   0.0119969   0.0119969   0.0119969   0.0119969    11.98237
  375.71056   0.0360573   0.0120191   0.0120191   0.0120191   0.0120191   0.0120191    12.00958
  375.73777   0.0361312   0.0120437   0.0120437   0.0120437   0.0120437   0.0120437    12.03679
  375.76498   0.0362123   0.0120708   0.0120708   0.0120707   0.0120708   0.0120708    12.06400
  375.79220   0.0363007   0.0121002   0.0121002   0.0121002   0.0121002   0.0121002    12.09122
  375.81941   0.0363964   0.0121321   0.0121321   0.0121321   0.0121321   0.0121321    12.11843
  375.84662   0.0364994   0.0121665   0.0121665   0.0121665   0.0121665   0.0121665    12.14564
  375.87383   0.0366100   0.0122033   0.0122033   0.0122033   0.0122033   0.0122033    12.17285
  375.90104   0.0367279   0.0122427   0.0122427   0.0122426   0.0122427   0.0122427    12.20006
  375.92825   0.0368534   0.0122845   0.0122845   0.0122845   0.0122845   0.0122845    12.22727
  375.95547   0.0369865   0.0123288   0.0123288   0.0123288   0.0123288   0.0123288    12.25448
  375.98268   0.0371271   0.0123757   0.0123757   0.0123757   0.0123757   0.0123757    12.28170
  376.00989   0.0372753   0.0124251   0.0124251   0.0124251   0.0124251   0.0124251    12.30891
  376.03710   0.0374311   0.0124770   0.0124770   0.0124770   0.0124770   0.0124770    12.33612
  376.06431   0.0375945   0.0125315   0.0125315   0.0125315   0.0125315   0.0125315    12.36333
  376.09152   0.0377655   0.0125885   0.0125885   0.0125885   0.0125885   0.0125885    12.39054
  376.11874   0.0379442   0.0126481   0.0126481   0.0126481   0.0126481   0.0126481    12.41775
  376.14595   0.0381304   0.0127101   0.0127101   0.0127101   0.0127101   0.0127101    12.44497
  376.17316   0.0383242   0.0127747   0.0127747   0.0127747   0.0127747   0.0127747    12.47218
  376.20037   0.0385254   0.0128418   0.0128418   0.0128418   0.0128418   0.0128418    12.49939
  376.22758   0.0387341   0.0129114   0.0129114   0.0129114   0.0129114   0.0129114    12.52660
  376.25479   0.0389502   0.0129834   0.0129834   0.0129834   0.0129834   0.0129834    12.55381
  376.28200   0.0391735   0.0130578   0.0130578   0.0130578   0.0130578   0.0130578    12.58102
  376.30922   0.0394039   0.0131346   0.0131346   0.0131346   0.0131346   0.0131346    12.60824
  376.33643   0.0396412   0.0132137   0.0132137   0.0132137   0.0132137   0.0132137    12.63545
  376.36364   0.0398854   0.0132951   0.0132951   0.0132951   0.0132951   0.0132951    12.66266
  376.39085   0.0401362   0.0133787   0.0133787   0.0133787   0.0133787   0.0133787    12.68987
  376.41806   0.0403933   0.0134644   0.0134645   0.0134644   0.0134645   0.0134645    12.71708
  376.44527   0.0406567   0.0135522   0.0135522   0.0135522   0.0135522   0.0135522    12.74429
  376.47249   0.0409259   0.0136420   0.0136420   0.0136419   0.0136420   0.0136420    12.77151
  376.49970   0.0412006   0.0137335   0.0137335   0.0137335   0.0137335   0.0137335    12.79872
  376.52691   0.0414805   0.0138268   0.0138268   0.0138268   0.0138268   0.0138268    12.82593
  376.55412   0.0417653   0.0139218   0.0139218   0.0139217   0.0139218   0.0139218    12.85314
  376.58133   0.0420544   0.0140181   0.0140181   0.0140181   0.0140181   0.0140181    12.88035
  376.60854   0.0423476   0.0141159   0.0141159   0.0141158   0.0141159   0.0141159    12.90756
  376.63576   0.0426441   0.0142147   0.0142147   0.0142147   0.0142147   0.0142147    12.93477
  376.66297   0.0429437   0.0143146   0.0143146   0.0143146   0.0143146   0.0143146    12.96199
  376.69018   0.0432456   0.0144152   0.0144152   0.0144152   0.0144152   0.0144152    12.98920
  376.71739   0.0435492   0.0145164   0.0145164   0.0145164   0.0145164   0.0145164    13.01641
  376.74460   0.0438539   0.0146180   0.0146180   0.0146180   0.0146180   0.0146180    13.04362
  376.77181   0.0441591   0.0147197   0.0147197   0.0147197   0.0147197   0.0147197    13.07083
  376.79903   0.0444640   0.0148213   0.0148213   0.0148213   0.0148213   0.0148213    13.09804
  376.82624   0.0447678   0.0149226   0.0149226   0.0149226   0.0149226   0.0149226    13.12526
  376.85345   0.0450698   0.0150233   0.0150233   0.0150232   0.0150233   0.0150233    13.15247
  376.88066   0.0453691   0.0151230   0.0151230   0.0151230   0.0151230   0.0151230    13.17968
