# y(file,data)
#      x           y(1,1)       y(2,1)       y(3,1)     sum_data1  
    -8.076666     0.000000     0.000000     0.000000     0.000000
    -8.001834     0.000000     0.000000     0.000000     0.000000
    -7.927002     0.000000     0.000000     0.000000     0.000000
    -7.852170     0.000000     0.000000     1.772436     3.544873
    -7.777339     0.000000     0.000000    12.256267    24.512534
    -7.702507     0.000000     0.000000     4.514578     9.029155
    -7.627675     0.000000     0.000000     0.000000     0.000000
    -7.552843     0.000000     0.000000     0.000000     0.000000
    -7.478011     0.000000     0.000000     1.462406     2.924813
    -7.403179     0.000000     0.000000     9.776171    19.552343
    -7.328347     0.000000     0.000000     1.530949     3.061898
    -7.253515     0.000000     0.000000     0.000000     0.000000
    -7.178683     0.000000     0.000000     0.000000     0.000000
    -7.103851    16.422253     2.849981     0.000000    22.122215
    -7.029020     2.181365     4.247608     0.000000    10.676580
    -6.954188     2.253063     1.152029     0.000000     4.557120
    -6.879356     0.000000     0.000000     0.000000     0.000000
    -6.804524     0.000000     0.662813     0.000000     1.325627
    -6.729692     0.000000     0.169871     0.147516     0.634773
    -6.654860     1.335958     2.347611     1.000795     8.032771
    -6.580028     3.220271     0.986218     0.266882     5.726469
    -6.505196     1.727301     1.127685     0.134146     4.250963
    -6.430364     1.577493     2.138280     0.175051     6.204155
    -6.355532     0.729464     4.113233     0.122647     9.201224
    -6.280701     0.211989     1.206940     0.096018     2.817905
    -6.205869     0.284217     0.753441     0.192728     2.176555
    -6.131037     0.349452     0.582646     0.285418     2.085580
    -6.056205     1.245949     1.254437     0.238021     4.230864
    -5.981373     1.489344     0.852528     0.297643     3.789686
    -5.906541     1.668589     0.633452     0.576178     4.087849
    -5.831709     0.566123     0.362638     0.439815     2.171029
    -5.756877     1.146190     0.809105     0.219970     3.204340
    -5.682045     0.970691     0.686029     0.280469     2.903688
    -5.607213     1.005221     0.576454     0.463406     3.084942
    -5.532382     1.029681     0.601348     0.368397     2.969170
    -5.457550     0.322772     0.595733     0.361515     2.237268
    -5.382718     0.798782     0.579835     0.303474     2.565399
    -5.307886     1.165632     0.902743     0.245763     3.462645
    -5.233054     0.571169     0.643060     0.455401     2.768090
    -5.158222     0.774629     0.858302     0.313176     3.117586
    -5.083390     0.380957     0.686975     0.337263     2.429434
    -5.008558     0.626191     0.590172     0.278097     2.362729
    -4.933726     0.470647     0.653308     0.121937     2.021137
    -4.858894     0.465787     0.710801     0.228179     2.343747
    -4.784063     0.273868     0.678823     0.128282     1.888078
    -4.709231     0.321943     0.694455     0.225305     2.161463
    -4.634399     0.304302     0.744238     0.271217     2.335211
    -4.559567     0.302702     0.571228     0.231682     1.908524
    -4.484735     0.277423     0.334431     0.349346     1.644976
    -4.409903     0.173829     0.453651     0.240701     1.562532
    -4.335071     0.207822     0.524808     0.294273     1.845984
    -4.260239     0.192175     0.421472     0.341106     1.717331
    -4.185407     0.302291     0.598627     0.473620     2.446786
    -4.110575     0.231219     0.612908     0.702896     2.862828
    -4.035744     0.207765     0.498579     0.498298     2.201520
    -3.960912     0.226958     0.412293     0.449758     1.951059
    -3.886080     0.116693     0.416076     0.545408     2.039661
    -3.811248     0.109627     0.278893     0.616545     1.900502
    -3.736416     0.218807     0.270154     0.536998     1.833111
    -3.661584     0.286718     0.311993     0.557416     2.025535
    -3.586752     0.242306     0.328079     0.558533     2.015530
    -3.511920     0.218256     0.274131     0.517571     1.801659
    -3.437088     0.598236     0.444265     0.467710     2.422185
    -3.362256     0.223992     0.350868     0.201149     1.328026
    -3.287425     0.630360     0.271567     0.352876     1.879246
    -3.212593     0.572860     0.213667     0.708873     2.417940
    -3.137761     0.634111     0.290506     0.299951     1.815026
    -3.062929     0.547564     0.221735     0.323378     1.637788
    -2.988097     0.442440     0.161342     0.463779     1.692681
    -2.913265     0.489910     0.275237     0.432153     1.904690
    -2.838433     0.365903     0.209021     0.262805     1.309554
    -2.763601     0.242166     0.149305     0.231414     1.003603
    -2.688769     0.410395     0.211223     0.254990     1.342820
    -2.613937     0.182247     0.224914     0.217647     1.067367
    -2.539106     0.183532     0.117831     0.308725     1.036645
    -2.464274     0.254988     0.178449     0.136652     0.885191
    -2.389442     0.203375     0.096816     0.190753     0.778512
    -2.314610     0.193596     0.095288     0.123688     0.631548
    -2.239778     0.191458     0.109084     0.147660     0.704944
    -2.164946     0.288107     0.135634     0.057223     0.673821
    -2.090114     0.121300     0.066537     0.084189     0.422751
    -2.015282     0.087609     0.053621     0.046615     0.288081
    -1.940450     0.132525     0.041219     0.044704     0.304371
    -1.865618     0.051526     0.046918     0.040568     0.226498
    -1.790787     0.031499     0.014127     0.022793     0.105340
    -1.715955     0.025994     0.016102     0.014369     0.086937
    -1.641123     0.002814     0.009735     0.000000     0.022285
    -1.566291     0.000000     0.001573     0.000000     0.003146
    -1.491459     0.000000     0.000000     0.000000     0.000000
    -1.416627     0.000000     0.000000     0.000000     0.000000
    -1.341795     0.000000     0.000000     0.000000     0.000000
    -1.266963     0.000000     0.000000     0.000000     0.000000
    -1.192131     0.000000     0.000000     0.000000     0.000000
    -1.117299     0.000000     0.000000     0.000000     0.000000
    -1.042468     0.000000     0.000000     0.000000     0.000000
    -0.967636     0.000000     0.000000     0.000000     0.000000
    -0.892804     0.000000     0.000000     0.000000     0.000000
    -0.817972     0.000000     0.000000     0.000000     0.000000
    -0.743140     0.000000     0.000000     0.000000     0.000000
    -0.668308     0.000000     0.000000     0.000000     0.000000
    -0.593476     0.000000     0.000000     0.000000     0.000000
    -0.518644     0.000000     0.000000     0.000000     0.000000
    -0.443812     0.000000     0.000000     0.000000     0.000000
    -0.368980     0.000000     0.000000     0.000000     0.000000
    -0.294149     0.000000     0.000000     0.000000     0.000000
    -0.219317     0.000000     0.000000     0.000000     0.000000
    -0.144485     0.000000     0.000000     0.000664     0.001328
    -0.069653     0.000225     0.057048     0.012908     0.140136
     0.005179     0.001506     0.077920     0.066284     0.289913
     0.080011     0.001734     0.034962     0.084670     0.240998
     0.154843     0.003037     0.024442     0.118704     0.289329
     0.229675     0.008686     0.044114     0.049326     0.195566
     0.304507     0.012401     0.091135     0.076221     0.347113
     0.379339     0.010190     0.090336     0.100983     0.392828
     0.454170     0.014587     0.144256     0.081721     0.466540
     0.529002     0.028265     0.172324     0.037403     0.447720
     0.603834     0.041022     0.162923     0.016965     0.400799
     0.678666     0.087368     0.189106     0.010261     0.486103
     0.753498     0.144737     0.228598     0.007333     0.616599
     0.828330     0.210232     0.290537     0.007413     0.806133
     0.903162     0.253723     0.332372     0.007858     0.934182
     0.977994     0.198775     0.240626     0.008542     0.697112
     1.052826     0.455685     0.350336     0.009063     1.174484
     1.127658     0.242089     0.787683     0.008458     1.834371
     1.202489     0.149882     1.047297     0.014242     2.272961
     1.277321     0.199930     0.475800     0.014388     1.180306
     1.352153     0.116309     0.341146     0.013929     0.826459
     1.426985     0.261101     0.125350     0.022330     0.556461
     1.501817     0.052369     0.117067     0.069941     0.426387
     1.576649     0.094568     0.093801     0.078190     0.438549
     1.651481     0.123895     0.108535     0.148946     0.638857
     1.726313     0.040458     0.086167     0.143124     0.499039
     1.801145     0.059364     0.110962     0.220808     0.722904
     1.875977     0.146885     0.107803     0.089604     0.541700
     1.950808     0.098561     0.096172     0.193821     0.678547
     2.025640     0.054286     0.112644     0.277505     0.834584
     2.100472     0.053525     0.128343     0.233179     0.776571
     2.175304     0.062789     0.144027     0.157967     0.666777
     2.250136     0.079816     0.147749     0.138674     0.652662
     2.324968     0.074112     0.114434     0.162954     0.628888
     2.399800     0.069260     0.086592     0.212718     0.667881
     2.474632     0.051632     0.088103     0.266979     0.761798
     2.549464     0.040623     0.100358     0.235531     0.712401
     2.624296     0.042104     0.102060     0.114412     0.475048
     2.699127     0.046814     0.093672     0.092694     0.419546
     2.773959     0.049520     0.074925     0.073997     0.347363
     2.848791     0.053419     0.055273     0.063475     0.290915
     2.923623     0.049620     0.045267     0.055329     0.250813
     2.998455     0.027936     0.032860     0.073387     0.240429
     3.073287     0.029891     0.020702     0.162248     0.395791
     3.148119     0.100625     0.024414     0.234849     0.619151
     3.222951     0.180638     0.040485     0.281705     0.825019
     3.297783     0.215888     0.056181     0.169511     0.667273
     3.372615     0.128017     0.053300     0.071353     0.377324
     3.447446     0.076420     0.052491     0.149395     0.480191
     3.522278     0.165791     0.219134     0.196804     0.997669
     3.597110     0.173448     0.174397     0.164828     0.851899
     3.671942     0.149805     0.155663     0.146339     0.753811
     3.746774     0.150097     0.169772     0.124257     0.738155
     3.821606     0.157213     0.188294     0.110725     0.755250
     3.896438     0.181363     0.144971     0.094891     0.661087
     3.971270     0.172214     0.108449     0.096469     0.582051
     4.046102     0.178665     0.082063     0.104014     0.550820
     4.120934     0.196874     0.075982     0.124455     0.597748
     4.195765     0.235820     0.078748     0.140780     0.674875
     4.270597     0.189632     0.071727     0.106636     0.546357
     4.345429     0.158798     0.058905     0.094970     0.466549
     4.420261     0.205842     0.065104     0.119985     0.576020
     4.495093     0.179598     0.097565     0.141730     0.658188
     4.569925     0.211715     0.120583     0.162332     0.777545
     4.644757     0.150135     0.136485     0.166014     0.755134
     4.719589     0.198695     0.136559     0.124363     0.720540
     4.794421     0.132604     0.052714     0.077513     0.393059
     4.869253     0.115673     0.034115     0.152341     0.488585
     4.944084     0.144666     0.056468     0.141432     0.540466
     5.018916     0.109171     0.073311     0.090814     0.437421
     5.093748     0.065675     0.048952     0.063572     0.290723
     5.168580     0.055845     0.038958     0.058487     0.250734
     5.243412     0.050298     0.034655     0.059865     0.239339
     5.318244     0.040408     0.029403     0.049945     0.199103
     5.393076     0.025757     0.020060     0.031485     0.128846
     5.467908     0.017220     0.016682     0.007622     0.065829
     5.542740     0.012413     0.008218     0.001978     0.032806
     5.617572     0.001408     0.001930     0.000895     0.007060
     5.692403     0.000000     0.000588     0.000000     0.001175
     5.767235     0.000000     0.000002     0.000024     0.000051
     5.842067     0.000000     0.000002     0.000340     0.000685
     5.916899     0.000294     0.000340     0.001740     0.004454
     5.991731     0.001432     0.001630     0.004380     0.013452
     6.066563     0.003400     0.004011     0.007658     0.026738
     6.141395     0.005641     0.006888     0.011481     0.042377
     6.216227     0.008355     0.010255     0.016218     0.061300
     6.291059     0.011863     0.014753     0.021169     0.083707
     6.365891     0.015500     0.019792     0.026017     0.107118
     6.440722     0.019373     0.025115     0.030886     0.131374
     6.515554     0.023491     0.030600     0.035596     0.155883
     6.590386     0.027773     0.036155     0.038623     0.177329
     6.665218     0.031557     0.040977     0.038557     0.190626
     6.740050     0.033491     0.042887     0.033867     0.187000
     6.814882     0.033372     0.042071     0.026360     0.170235
     6.889714     0.031234     0.039341     0.026216     0.162347
     6.964546     0.027945     0.035955     0.039510     0.178875
     7.039378     0.024159     0.040708     0.046995     0.199565
     7.114210     0.023489     0.040410     0.040518     0.185346
     7.189041     0.030168     0.058848     0.053205     0.254275
     7.263873     0.045579     0.075211     0.054196     0.304392
     7.338705     0.058414     0.070390     0.042804     0.284802
     7.413537     0.048324     0.044615     0.055926     0.249405
     7.488369     0.040198     0.049457     0.073722     0.286556
     7.563201     0.035757     0.079485     0.064388     0.323503
     7.638033     0.039575     0.095846     0.066714     0.364693
     7.712865     0.036238     0.081129     0.059606     0.317708
     7.787697     0.033576     0.066937     0.043825     0.255100
     7.862529     0.031057     0.054605     0.031467     0.203201
     7.937360     0.024368     0.040911     0.027847     0.161883
     8.012192     0.016063     0.035191     0.031724     0.149892
     8.087024     0.017615     0.051629     0.031571     0.184014
     8.161856     0.035079     0.071469     0.025308     0.228634
     8.236688     0.051245     0.076387     0.024152     0.252323
     8.311520     0.051598     0.068984     0.022500     0.234565
     8.386352     0.024496     0.053504     0.020224     0.171951
     8.461184     0.016161     0.036926     0.019001     0.128015
     8.536016     0.011668     0.025969     0.018472     0.100551
     8.610848     0.010449     0.019213     0.021486     0.091848
     8.685679     0.009528     0.016501     0.023255     0.089040
     8.760511     0.008710     0.015814     0.024504     0.089348
     8.835343     0.008093     0.016421     0.025457     0.091850
     8.910175     0.006922     0.017843     0.028440     0.099487
     8.985007     0.009045     0.019559     0.032399     0.112961
     9.059839     0.009965     0.024372     0.030336     0.119382
     9.134671     0.012180     0.028582     0.027003     0.123352
     9.209503     0.014042     0.039191     0.026231     0.144885
     9.284335     0.016558     0.048403     0.026546     0.166457
     9.359167     0.018389     0.049429     0.030156     0.177558
     9.433998     0.019508     0.044736     0.031739     0.172457
     9.508830     0.021771     0.039384     0.033147     0.166834
     9.583662     0.018558     0.033740     0.031171     0.148379
     9.658494     0.015884     0.028518     0.030716     0.134350
     9.733326     0.017003     0.026852     0.033461     0.137629
     9.808158     0.020291     0.030100     0.042551     0.165594
     9.882990     0.024887     0.035731     0.052489     0.201328
     9.957822     0.022873     0.040563     0.059347     0.222694
    10.032654     0.022022     0.042193     0.055448     0.217304
    10.107486     0.025863     0.041381     0.049179     0.206984
    10.182317     0.030222     0.035978     0.045615     0.193409
    10.257149     0.026921     0.033116     0.038498     0.170148
    10.331981     0.024876     0.029674     0.029732     0.143687
    10.406813     0.024435     0.030808     0.021505     0.129061
    10.481645     0.023802     0.031394     0.016671     0.119932
    10.556477     0.023121     0.034044     0.020422     0.132053
    10.631309     0.020787     0.041604     0.024174     0.152344
    10.706141     0.025110     0.049681     0.030312     0.185098
    10.780973     0.032809     0.047209     0.024746     0.176720
    10.855805     0.043576     0.038028     0.015882     0.151395
    10.930636     0.017921     0.028103     0.009368     0.092864
    11.005468     0.010628     0.025126     0.013517     0.087914
    11.080300     0.014069     0.040883     0.019160     0.134154
    11.155132     0.021606     0.049619     0.022368     0.165580
    11.229964     0.028075     0.046229     0.022496     0.165526
    11.304796     0.031614     0.037998     0.026640     0.160890
    11.379628     0.023539     0.041483     0.023666     0.153837
    11.454460     0.019740     0.050573     0.026701     0.174288
    11.529292     0.017662     0.061441     0.027890     0.196324
    11.604124     0.015944     0.085618     0.032170     0.251520
    11.678955     0.015048     0.116926     0.045574     0.340047
    11.753787     0.014826     0.120708     0.049892     0.356027
    11.828619     0.017177     0.106146     0.048579     0.326625
    11.903451     0.023184     0.099888     0.052751     0.328462
    11.978283     0.027338     0.101522     0.068614     0.367610
    12.053115     0.030961     0.120315     0.075177     0.421945
    12.127947     0.032032     0.096532     0.074740     0.374577
    12.202779     0.027512     0.076127     0.088828     0.357422
    12.277611     0.027556     0.066588     0.088109     0.336951
    12.352443     0.040797     0.053777     0.096704     0.341759
    12.427274     0.059667     0.051466     0.062321     0.287242
    12.502106     0.059003     0.045005     0.060064     0.269141
    12.576938     0.046595     0.043926     0.054057     0.242561
    12.651770     0.032489     0.057037     0.076586     0.299735
    12.726602     0.031203     0.056741     0.106784     0.358253
    12.801434     0.027518     0.038807     0.067418     0.239968
    12.876266     0.029326     0.029151     0.076312     0.240252
    12.951098     0.031138     0.021084     0.066031     0.205368
    13.025930     0.018711     0.020103     0.040361     0.139638
    13.100762     0.016558     0.018440     0.031970     0.117378
    13.175593     0.018507     0.010649     0.055977     0.151757
    13.250425     0.035173     0.026685     0.092750     0.274043
    13.325257     0.032244     0.046087     0.156159     0.436736
    13.400089     0.028803     0.073228     0.112124     0.399507
    13.474921     0.027506     0.054287     0.161582     0.459244
    13.549753     0.026929     0.055115     0.167890     0.472939
    13.624585     0.034446     0.050660     0.165698     0.467163
    13.699417     0.042437     0.050010     0.167432     0.477322
    13.774249     0.061195     0.069127     0.201433     0.602316
    13.849081     0.043808     0.062885     0.215171     0.599920
    13.923912     0.057218     0.050119     0.105106     0.367668
    13.998744     0.065898     0.063437     0.112491     0.417753
    14.073576     0.104263     0.073352     0.145610     0.542187
    14.148408     0.188147     0.056828     0.105352     0.512506
    14.223240     0.319118     0.049570     0.094007     0.606271
    14.298072     0.351674     0.038305     0.091714     0.611712
    14.372904     0.426907     0.037491     0.082120     0.666130
    14.447736     0.537795     0.053969     0.132853     0.911440
    14.522568     0.242955     0.082654     0.177727     0.763716
    14.597400     0.209315     0.086780     0.202326     0.787526
    14.672231     0.140141     0.079840     0.206944     0.713710
    14.747063     0.098942     0.062529     0.210044     0.644088
    14.821895     0.096384     0.057554     0.196032     0.603556
    14.896727     0.080868     0.069892     0.126187     0.473028
    14.971559     0.099049     0.063685     0.105757     0.437934
    15.046391     0.095634     0.067881     0.084329     0.400053
    15.121223     0.101842     0.068256     0.069837     0.378029
    15.196055     0.109119     0.045686     0.084915     0.370321
    15.270887     0.054967     0.047378     0.086300     0.322324
    15.345719     0.072471     0.050030     0.045814     0.264160
    15.420550     0.107686     0.049992     0.047210     0.302090
    15.495382     0.154472     0.033826     0.043418     0.308960
    15.570214     0.039096     0.027231     0.033376     0.160312
    15.645046     0.047212     0.017880     0.025959     0.134890
    15.719878     0.049891     0.020063     0.050311     0.190638
    15.794710     0.057779     0.025297     0.044310     0.196994
    15.869542     0.047159     0.023251     0.042207     0.178076
    15.944374     0.030565     0.028232     0.044514     0.176056
    16.019206     0.011578     0.024072     0.013891     0.087503
    16.094038     0.003888     0.005381     0.014813     0.044275
    16.168869     0.003675     0.002431     0.016698     0.041933
    16.243701     0.003555     0.003125     0.017926     0.045657
    16.318533     0.004139     0.003992     0.018530     0.049182
    16.393365     0.007137     0.004727     0.018492     0.053576
    16.468197     0.010681     0.005269     0.017711     0.056640
    16.543029     0.012187     0.005639     0.015639     0.054741
    16.617861     0.011976     0.005840     0.013743     0.051141
    16.692693     0.011793     0.005872     0.012073     0.047682
    16.767525     0.011637     0.005750     0.010703     0.044544
    16.842357     0.011199     0.005868     0.010296     0.043529
    16.917188     0.010793     0.007612     0.012051     0.050118
    16.992020     0.011265     0.012067     0.016139     0.067679
    17.066852     0.012646     0.019286     0.025609     0.102437
    17.141684     0.021805     0.036811     0.048263     0.191951
    17.216516     0.037617     0.068714     0.048445     0.271935
    17.291348     0.030879     0.058666     0.033319     0.214849
    17.366180     0.023922     0.042532     0.024219     0.157424
    17.441012     0.015110     0.040308     0.025899     0.147525
    17.515844     0.024396     0.056893     0.045537     0.229257
    17.590676     0.046116     0.060654     0.058532     0.284487
    17.665507     0.055040     0.043059     0.066474     0.274105
    17.740339     0.063799     0.031416     0.047773     0.222176
    17.815171     0.063087     0.036650     0.036517     0.209421
    17.890003     0.064919     0.046053     0.035204     0.227434
    17.964835     0.070623     0.039535     0.029751     0.209196
    18.039667     0.070105     0.024506     0.026780     0.172678
    18.114499     0.057011     0.019636     0.020448     0.137178
    18.189331     0.042414     0.022910     0.020948     0.130131
    18.264163     0.043682     0.024334     0.020185     0.132718
    18.338995     0.049553     0.025589     0.023144     0.147020
    18.413826     0.028562     0.028817     0.022664     0.131525
    18.488658     0.025147     0.031114     0.023005     0.133384
    18.563490     0.024950     0.031523     0.021270     0.130536
    18.638322     0.025843     0.028275     0.017987     0.118367
    18.713154     0.025256     0.026208     0.016998     0.111669
    18.787986     0.025185     0.026177     0.015828     0.109196
    18.862818     0.015074     0.027006     0.016834     0.102754
    18.937650     0.015396     0.034333     0.015983     0.116029
    19.012482     0.016896     0.025557     0.015317     0.098645
    19.087314     0.020033     0.021260     0.016182     0.094917
    19.162145     0.022132     0.021445     0.015649     0.096320
    19.236977     0.019443     0.021057     0.014365     0.090288
    19.311809     0.019713     0.020499     0.015447     0.091605
    19.386641     0.021705     0.021204     0.016962     0.098037
    19.461473     0.023332     0.025052     0.018837     0.111109
    19.536305     0.021410     0.031517     0.017190     0.118824
    19.611137     0.020458     0.021929     0.017261     0.098838
    19.685969     0.020514     0.027515     0.019963     0.115471
    19.760801     0.019104     0.034934     0.020969     0.130910
    19.835633     0.018770     0.036868     0.018568     0.129641
    19.910464     0.018582     0.029762     0.016325     0.110755
    19.985296     0.017812     0.028971     0.017118     0.109990
    20.060128     0.015480     0.032646     0.014256     0.109283
    20.134960     0.013586     0.019819     0.014585     0.082395
    20.209792     0.014379     0.018029     0.010854     0.072144
    20.284624     0.013297     0.014995     0.008429     0.060145
    20.359456     0.012545     0.013611     0.006791     0.053350
    20.434288     0.013280     0.013264     0.004960     0.049727
    20.509120     0.014016     0.013068     0.003715     0.047583
    20.583952     0.014735     0.013251     0.004084     0.049405
    20.658783     0.015794     0.014604     0.004760     0.054522
    20.733615     0.017212     0.018471     0.005896     0.065946
    20.808447     0.018560     0.024307     0.008241     0.083657
    20.883279     0.021772     0.029857     0.011148     0.103782
    20.958111     0.023519     0.035232     0.014101     0.122185
    21.032943     0.024457     0.040228     0.017739     0.140390
    21.107775     0.024198     0.043092     0.019391     0.149164
    21.182607     0.022931     0.044233     0.021138     0.153673
    21.257439     0.020874     0.045950     0.023128     0.159030
    21.332271     0.019228     0.048262     0.023313     0.162378
    21.407102     0.017657     0.048497     0.022475     0.159600
    21.481934     0.015865     0.046132     0.021245     0.150619
    21.556766     0.015260     0.042745     0.020038     0.140825
    21.631598     0.015028     0.039363     0.018880     0.131515
    21.706430     0.014450     0.036092     0.017155     0.120943
    21.781262     0.013390     0.032680     0.015410     0.109569
    21.856094     0.012346     0.030365     0.014802     0.102679
    21.930926     0.011669     0.029632     0.014545     0.100023
    22.005758     0.011256     0.029891     0.014415     0.099869
    22.080590     0.011261     0.030987     0.014936     0.103107
    22.155421     0.011379     0.030973     0.015867     0.105059
    22.230253     0.011537     0.030949     0.017312     0.108058
    22.305085     0.011705     0.029495     0.017500     0.105695
    22.379917     0.012509     0.027496     0.017231     0.101963
    22.454749     0.014121     0.025820     0.017110     0.099982
    22.529581     0.017323     0.025392     0.017033     0.102173
    22.604413     0.019776     0.025525     0.016736     0.104299
    22.679245     0.019546     0.026158     0.016216     0.104294
    22.754077     0.020043     0.029522     0.016220     0.111527
    22.828909     0.020886     0.035350     0.017331     0.126247
    22.903740     0.021950     0.037033     0.017057     0.130129
    22.978572     0.026248     0.036636     0.018003     0.135525
    23.053404     0.037377     0.042328     0.019790     0.161613
    23.128236     0.047884     0.039876     0.028860     0.185355
    23.203068     0.051202     0.045562     0.036917     0.216161
    23.277900     0.053292     0.042196     0.038738     0.215160
    23.352732     0.061377     0.035749     0.034397     0.201669
    23.427564     0.060727     0.037952     0.032440     0.201513
    23.502396     0.047567     0.040672     0.026727     0.182366
    23.577228     0.042702     0.042853     0.025405     0.179218
    23.652059     0.052079     0.046171     0.027421     0.199264
    23.726891     0.052734     0.041097     0.024268     0.183463
    23.801723     0.043489     0.033960     0.021991     0.155391
    23.876555     0.041178     0.031259     0.021935     0.147566
    23.951387     0.040803     0.029333     0.023253     0.145975
    24.026219     0.037236     0.025647     0.021878     0.132286
    24.101051     0.033018     0.022103     0.019740     0.116703
    24.175883     0.030193     0.020576     0.017752     0.106850
    24.250715     0.025869     0.021420     0.015169     0.099047
    24.325547     0.029886     0.024139     0.015690     0.109545
    24.400378     0.035361     0.027165     0.010000     0.109689
    24.475210     0.038004     0.031574     0.012060     0.125273
    24.550042     0.038566     0.029670     0.015814     0.129534
    24.624874     0.039127     0.022178     0.016439     0.116360
    24.699706     0.046174     0.019426     0.020385     0.125794
    24.774538     0.047374     0.017806     0.030260     0.143504
    24.849370     0.041357     0.016089     0.029265     0.132064
    24.924202     0.048162     0.016976     0.023283     0.128680
    24.999034     0.056221     0.018273     0.021757     0.136281
    25.073866     0.059585     0.017098     0.021363     0.136506
    25.148697     0.045983     0.016205     0.021618     0.121628
    25.223529     0.044769     0.015053     0.027467     0.129809
    25.298361     0.043240     0.017315     0.024217     0.126303
    25.373193     0.027614     0.018700     0.017420     0.099855
    25.448025     0.024562     0.014364     0.012998     0.079286
    25.522857     0.020883     0.015886     0.007907     0.068469
    25.597689     0.021969     0.011004     0.006588     0.057153
    25.672521     0.022242     0.009054     0.005336     0.051021
    25.747353     0.021665     0.007188     0.004715     0.045472
    25.822185     0.023079     0.006504     0.005029     0.046144
    25.897016     0.027413     0.006752     0.005937     0.052791
    25.971848     0.021825     0.007395     0.005917     0.048449
    26.046680     0.015995     0.006299     0.005579     0.039752
    26.121512     0.015747     0.003765     0.005673     0.034624
    26.196344     0.018359     0.003694     0.006292     0.038332
    26.271176     0.022602     0.004648     0.006935     0.045766
    26.346008     0.023506     0.005760     0.007094     0.049213
    26.420840     0.021724     0.006649     0.006959     0.048941
    26.495672     0.016516     0.006971     0.006663     0.043785
    26.570504     0.014383     0.006697     0.006372     0.040521
    26.645335     0.014197     0.006074     0.006156     0.038658
    26.720167     0.014682     0.005459     0.006368     0.038336
    26.794999     0.016425     0.005020     0.006866     0.040197
    26.869831     0.016952     0.004944     0.007400     0.041639
    26.944663     0.017204     0.005031     0.008057     0.043380
    27.019495     0.017376     0.005443     0.008444     0.045151
    27.094327     0.017305     0.005824     0.008292     0.045538
    27.169159     0.016528     0.005873     0.008002     0.044277
    27.243991     0.015522     0.005665     0.008548     0.043948
    27.318823     0.014931     0.005706     0.008025     0.042393
    27.393654     0.014628     0.005938     0.007148     0.040800
    27.468486     0.014182     0.005790     0.006708     0.039178
    27.543318     0.013545     0.005715     0.006406     0.037789
    27.618150     0.012919     0.005634     0.006098     0.036383
    27.692982     0.012312     0.005490     0.005781     0.034852
    27.767814     0.011713     0.005317     0.005482     0.033312
    27.842646     0.011122     0.005120     0.005426     0.032213
    27.917478     0.010535     0.005144     0.005826     0.032474
    27.992310     0.010522     0.005532     0.006467     0.034519
    28.067142     0.011582     0.006487     0.007773     0.040104
    28.141973     0.012939     0.007942     0.009230     0.047283
    28.216805     0.014112     0.009054     0.010124     0.052468
    28.291637     0.014463     0.010040     0.010129     0.054802
    28.366469     0.015981     0.011262     0.009262     0.057027
    28.441301     0.013856     0.012001     0.007794     0.053447
    28.516133     0.011853     0.011326     0.006181     0.046868
    28.590965     0.012167     0.010555     0.006620     0.046519
    28.665797     0.013002     0.010972     0.007190     0.049327
    28.740629     0.014669     0.012717     0.008070     0.056242
    28.815461     0.018709     0.015366     0.009033     0.067507
    28.890292     0.019677     0.017003     0.008807     0.071298
    28.965124     0.015762     0.015593     0.008322     0.063593
    29.039956     0.015725     0.015242     0.008224     0.062658
    29.114788     0.015448     0.015122     0.008079     0.061850
    29.189620     0.014550     0.014765     0.007988     0.060057
    29.264452     0.013314     0.014244     0.007868     0.057537
    29.339284     0.011826     0.013477     0.007612     0.054004
    29.414116     0.010721     0.012493     0.007238     0.050183
    29.488948     0.009943     0.012974     0.007367     0.050625
    29.563780     0.009031     0.014408     0.008195     0.054237
    29.638611     0.011074     0.018041     0.009424     0.066003
    29.713443     0.012556     0.020795     0.010931     0.076008
    29.788275     0.013698     0.024211     0.012729     0.087577
    29.863107     0.014725     0.025690     0.013086     0.092276
    29.937939     0.016205     0.024676     0.012649     0.090855
    30.012771     0.017160     0.023137     0.012156     0.087745
    30.087603     0.020039     0.023248     0.012682     0.091899
    30.162435     0.024229     0.025360     0.012414     0.099775
    30.237267     0.024398     0.027780     0.010214     0.100387
    30.312099     0.021886     0.028143     0.008012     0.094194
    30.386930     0.017537     0.025885     0.006830     0.082966
    30.461762     0.014585     0.024025     0.006849     0.076333
    30.536594     0.014438     0.023642     0.007953     0.077629
    30.611426     0.015411     0.022779     0.007430     0.075831
    30.686258     0.012206     0.019895     0.007579     0.067153
    30.761090     0.013915     0.021923     0.010464     0.078690
    30.835922     0.015233     0.024764     0.013762     0.092285
    30.910754     0.016309     0.022213     0.012501     0.085737
    30.985586     0.013784     0.018919     0.010480     0.072580
    31.060418     0.011332     0.016381     0.009928     0.063950
    31.135249     0.010798     0.013993     0.009262     0.057308
    31.210081     0.010126     0.012281     0.008431     0.051550
    31.284913     0.009664     0.011547     0.007815     0.048387
    31.359745     0.009360     0.011049     0.007514     0.046487
    31.434577     0.009124     0.010772     0.007442     0.045553
    31.509409     0.009018     0.010774     0.007580     0.045725
    31.584241     0.009029     0.011260     0.007911     0.047370
    31.659073     0.009233     0.012282     0.008406     0.050610
    31.733905     0.009426     0.013585     0.008799     0.054193
    31.808737     0.009488     0.014947     0.008670     0.056720
    31.883568     0.009203     0.016511     0.007792     0.057810
    31.958400     0.008873     0.018247     0.007910     0.061189
    32.033232     0.008802     0.019524     0.008626     0.065102
    32.108064     0.009245     0.019644     0.008716     0.065965
    32.182896     0.009188     0.019369     0.008497     0.064922
    32.257728     0.009026     0.018703     0.008234     0.062900
    32.332560     0.009146     0.017815     0.008120     0.061014
    32.407392     0.009269     0.017069     0.008426     0.060260
    32.482224     0.009216     0.016600     0.008792     0.060001
    32.557056     0.008979     0.015972     0.008875     0.058672
    32.631887     0.008517     0.015248     0.008775     0.056562
    32.706719     0.008048     0.014161     0.008722     0.053814
    32.781551     0.008280     0.013049     0.008842     0.052063
    32.856383     0.008174     0.012456     0.009118     0.051322
    32.931215     0.006537     0.010310     0.008696     0.044550
    33.006047     0.005245     0.008353     0.008495     0.038941
    33.080879     0.004332     0.007001     0.008245     0.034824
    33.155711     0.003811     0.006337     0.007973     0.032430
    33.230543     0.003661     0.006318     0.007693     0.031684
    33.305375     0.003798     0.006577     0.007409     0.031768
    33.380206     0.004098     0.006791     0.007126     0.031933
    33.455038     0.004446     0.006956     0.006929     0.032215
    33.529870     0.004799     0.007136     0.006957     0.032985
    33.604702     0.005116     0.007374     0.007219     0.034302
    33.679534     0.005422     0.007681     0.007673     0.036128
    33.754366     0.005556     0.007976     0.007945     0.037397
    33.829198     0.005446     0.008217     0.007759     0.037399
    33.904030     0.005219     0.008372     0.007392     0.036745
    33.978862     0.004973     0.008402     0.007004     0.035784
    34.053694     0.004827     0.008452     0.006756     0.035242
    34.128525     0.004752     0.008651     0.006823     0.035699
    34.203357     0.004596     0.009018     0.006994     0.036620
    34.278189     0.004441     0.009489     0.007272     0.037963
    34.353021     0.004205     0.009946     0.007628     0.039352
    34.427853     0.003886     0.010318     0.008022     0.040564
    34.502685     0.003604     0.010701     0.008161     0.041327
    34.577517     0.003387     0.011153     0.007485     0.040663
    34.652349     0.003229     0.011549     0.006762     0.039852
    34.727181     0.003091     0.011154     0.006172     0.037742
    34.802013     0.002982     0.010689     0.005341     0.035042
    34.876844     0.002756     0.009869     0.004636     0.031765
    34.951676     0.002482     0.008621     0.004193     0.028109
    35.026508     0.002204     0.007327     0.005197     0.027251
    35.101340     0.001941     0.006144     0.007916     0.030061
    35.176172     0.001696     0.007452     0.009159     0.034918
    35.251004     0.001467     0.012773     0.008198     0.043409
    35.325836     0.001290     0.016881     0.008326     0.051704
    35.400668     0.001393     0.019399     0.009526     0.059244
    35.475500     0.001843     0.020078     0.010572     0.063143
    35.550332     0.002359     0.020408     0.010931     0.065037
    35.625163     0.003033     0.021833     0.010596     0.067891
    35.699995     0.003373     0.020100     0.009789     0.063152
    35.774827     0.003335     0.018427     0.009064     0.058319
    35.849659     0.003234     0.016291     0.009125     0.054065
    35.924491     0.003142     0.014446     0.009954     0.051941
    35.999323     0.003097     0.013030     0.010095     0.049347
    36.074155     0.003089     0.011781     0.009494     0.045640
    36.148987     0.003104     0.010567     0.009577     0.043392
    36.223819     0.003275     0.009792     0.009353     0.041564
    36.298651     0.003905     0.011131     0.008639     0.043443
    36.373482     0.004259     0.012064     0.007566     0.043520
    36.448314     0.003786     0.012580     0.006973     0.042893
    36.523146     0.002863     0.012850     0.006789     0.042140
    36.597978     0.001850     0.012428     0.006415     0.039537
    36.672810     0.001510     0.011364     0.006060     0.036357
    36.747642     0.001382     0.010546     0.006108     0.034689
    36.822474     0.001181     0.009866     0.006160     0.033232
    36.897306     0.001085     0.009755     0.005770     0.032136
    36.972138     0.001057     0.009140     0.005282     0.029901
    37.046970     0.001069     0.008622     0.004911     0.028134
    37.121801     0.001091     0.008278     0.004728     0.027103
    37.196633     0.001100     0.007973     0.004742     0.026530
    37.271465     0.001102     0.007715     0.004914     0.026360
    37.346297     0.001098     0.007533     0.005193     0.026551
    37.421129     0.001083     0.007399     0.005739     0.027359
    37.495961     0.001073     0.007552     0.006636     0.029450
    37.570793     0.001147     0.008245     0.007736     0.033110
    37.645625     0.001348     0.009136     0.008481     0.036581
    37.720457     0.001479     0.009588     0.009451     0.039557
    37.795289     0.001610     0.009530     0.009061     0.038791
    37.870120     0.002245     0.009084     0.008517     0.037447
    37.944952     0.002071     0.008734     0.008039     0.035618
    38.019784     0.002035     0.008675     0.006687     0.032760
    38.094616     0.001807     0.008041     0.005654     0.029197
    38.169448     0.001493     0.006811     0.005450     0.026015
    38.244280     0.001342     0.006729     0.006531     0.027862
    38.319112     0.001386     0.008302     0.009131     0.036252
    38.393944     0.001771     0.011036     0.011877     0.047595
    38.468776     0.002440     0.014081     0.013384     0.057368
    38.543608     0.003287     0.016800     0.014025     0.064937
    38.618439     0.004091     0.019088     0.013279     0.068825
    38.693271     0.004659     0.020635     0.012228     0.070386
    38.768103     0.004508     0.020682     0.010809     0.067490
    38.842935     0.003810     0.019153     0.011015     0.064147
    38.917767     0.004157     0.018150     0.011243     0.062942
    38.992599     0.003815     0.013111     0.014389     0.058816
    39.067431     0.003063     0.008931     0.012691     0.046307
    39.142263     0.001737     0.017549     0.015747     0.068329
    39.217095     0.004861     0.023500     0.016030     0.083921
    39.291927     0.008208     0.028423     0.013898     0.092852
    39.366758     0.007927     0.028547     0.010390     0.085802
    39.441590     0.006230     0.023594     0.007805     0.069028
    39.516422     0.004479     0.018272     0.006485     0.053994
    39.591254     0.003089     0.015462     0.008808     0.051630
    39.666086     0.002456     0.020838     0.010607     0.065345
    39.740918     0.002283     0.023807     0.010430     0.070758
    39.815750     0.002401     0.023605     0.011418     0.072449
    39.890582     0.002818     0.022895     0.013429     0.075467
    39.965414     0.003370     0.023787     0.013528     0.078000
    40.040246     0.003473     0.024728     0.013988     0.080904
    40.115077     0.003703     0.026265     0.012224     0.080680
    40.189909     0.004248     0.026756     0.011461     0.080682
    40.264741     0.003557     0.026261     0.012105     0.080289
    40.339573     0.004227     0.024922     0.012686     0.079443
    40.414405     0.004940     0.024500     0.010442     0.074823
    40.489237     0.005039     0.023279     0.009657     0.070911
    40.564069     0.002871     0.021698     0.008415     0.063097
    40.638901     0.002958     0.021132     0.007756     0.060733
    40.713733     0.002864     0.020552     0.006894     0.057758
    40.788565     0.002756     0.018556     0.006105     0.052076
    40.863396     0.002689     0.017136     0.006103     0.049167
    40.938228     0.002553     0.017452     0.006101     0.049659
    41.013060     0.002387     0.017916     0.006208     0.050634
    41.087892     0.002296     0.017748     0.006247     0.050287
    41.162724     0.002184     0.018599     0.007293     0.053969
    41.237556     0.002112     0.022640     0.009475     0.066343
    41.312388     0.002126     0.025351     0.008941     0.070709
    41.387220     0.002196     0.022946     0.007518     0.063125
    41.462052     0.002086     0.018096     0.005492     0.049263
    41.536884     0.001865     0.014282     0.004431     0.039291
    41.611715     0.001688     0.012169     0.004136     0.034298
    41.686547     0.001525     0.011245     0.004247     0.032509
    41.761379     0.001223     0.011173     0.005110     0.033788
    41.836211     0.001276     0.012701     0.005850     0.038378
    41.911043     0.001477     0.014465     0.005951     0.042309
    41.985875     0.001531     0.014468     0.005201     0.040869
    42.060707     0.001457     0.012200     0.004049     0.033955
    42.135539     0.001233     0.009188     0.003129     0.025868
    42.210371     0.001097     0.007261     0.002639     0.020897
    42.285203     0.000983     0.006617     0.002459     0.019133
    42.360034     0.000890     0.006249     0.002293     0.017976
    42.434866     0.000807     0.005884     0.002129     0.016832
    42.509698     0.000732     0.005547     0.001970     0.015767
    42.584530     0.000665     0.005231     0.001827     0.014780
    42.659362     0.000603     0.004928     0.001744     0.013946
    42.734194     0.000552     0.004722     0.001730     0.013457
    42.809026     0.000516     0.004600     0.001727     0.013171
    42.883858     0.000494     0.004434     0.001724     0.012810
    42.958690     0.000481     0.004207     0.001685     0.012265
    43.033522     0.000483     0.003962     0.001604     0.011615
    43.108353     0.000489     0.003677     0.001543     0.010928
    43.183185     0.000492     0.003449     0.001516     0.010421
    43.258017     0.000515     0.003405     0.001505     0.010334
    43.332849     0.000514     0.003396     0.001508     0.010323
    43.407681     0.000506     0.003422     0.001543     0.010437
    43.482513     0.000504     0.003533     0.001606     0.010783
    43.557345     0.000508     0.003716     0.001682     0.011303
    43.632177     0.000515     0.003935     0.001750     0.011885
    43.707009     0.000524     0.004175     0.001803     0.012480
    43.781841     0.000534     0.004421     0.001858     0.013094
    43.856672     0.000544     0.004665     0.001933     0.013740
    43.931504     0.000554     0.004921     0.002029     0.014454
    44.006336     0.000563     0.005203     0.002152     0.015274
    44.081168     0.000574     0.005526     0.002296     0.016218
    44.156000     0.000584     0.005888     0.002438     0.017236
    44.230832     0.000592     0.006284     0.002594     0.018349
    44.305664     0.000593     0.006777     0.002800     0.019747
    44.380496     0.000599     0.007446     0.003109     0.021709
    44.455328     0.000609     0.008120     0.003335     0.023520
    44.530160     0.000628     0.008606     0.003458     0.024757
    44.604991     0.000653     0.008841     0.003496     0.025327
    44.679823     0.000664     0.008814     0.003536     0.025363
    44.754655     0.000662     0.008896     0.003651     0.025754
    44.829487     0.000677     0.008787     0.003729     0.025708
    44.904319     0.000697     0.008224     0.003839     0.024823
    44.979151     0.000721     0.007797     0.003768     0.023852
    45.053983     0.000748     0.007562     0.003691     0.023254
    45.128815     0.000769     0.006652     0.004004     0.022081
    45.203647     0.000781     0.006845     0.004426     0.023322
    45.278479     0.000782     0.007624     0.004741     0.025512
    45.353310     0.000774     0.007616     0.004816     0.025638
    45.428142     0.000749     0.007444     0.004875     0.025386
    45.502974     0.000688     0.007391     0.005368     0.026206
    45.577806     0.000581     0.008014     0.006314     0.029237
    45.652638     0.000627     0.009259     0.005426     0.029998
    45.727470     0.000695     0.009593     0.005438     0.030756
    45.802302     0.000768     0.008381     0.005329     0.028187
    45.877134     0.000714     0.007770     0.005157     0.026567
    45.951966     0.000705     0.007702     0.004919     0.025949
    46.026798     0.000694     0.007768     0.004647     0.025525
    46.101629     0.000687     0.007664     0.004630     0.025274
    46.176461     0.000680     0.007336     0.004510     0.024371
    46.251293     0.000632     0.007222     0.004229     0.023534
    46.326125     0.000683     0.006926     0.003988     0.022511
    46.400957     0.000743     0.006561     0.003878     0.021621
    46.475789     0.000744     0.006100     0.003795     0.020534
    46.550621     0.000735     0.005770     0.003380     0.019034
    46.625453     0.000725     0.005512     0.002912     0.017574
    46.700285     0.000669     0.004981     0.002548     0.015727
    46.775117     0.000606     0.004407     0.002335     0.014090
    46.849948     0.000549     0.003975     0.002287     0.013072
    46.924780     0.000503     0.003759     0.002309     0.012639
    46.999612     0.000483     0.003712     0.002354     0.012616
    47.074444     0.000466     0.003735     0.002418     0.012773
    47.149276     0.000452     0.003800     0.002506     0.013063
    47.224108     0.000449     0.003885     0.002532     0.013283
    47.298940     0.000454     0.003935     0.002478     0.013281
    47.373772     0.000460     0.003918     0.002343     0.012982
    47.448604     0.000458     0.003821     0.002122     0.012344
    47.523436     0.000444     0.003618     0.001820     0.011319
    47.598267     0.000419     0.003285     0.001480     0.009948
    47.673099     0.000382     0.002831     0.001144     0.008333
    47.747931     0.000337     0.002333     0.000835     0.006674
    47.822763     0.000284     0.001850     0.000569     0.005122
    47.897595     0.000226     0.001400     0.000367     0.003760
    47.972427     0.000171     0.001001     0.000233     0.002638
    48.047259     0.000118     0.000680     0.000152     0.001782
    48.122091     0.000072     0.000367     0.000354     0.001514
    48.196923     0.000064     0.000263     0.001930     0.004450
    48.271755     0.000144     0.001984     0.005629     0.015371
    48.346586     0.000487     0.007132     0.008254     0.031259
    48.421418     0.001391     0.012340     0.007923     0.041916
    48.496250     0.002420     0.013344     0.006115     0.041338
    48.571082     0.002688     0.009449     0.003483     0.028553
    48.645914     0.002228     0.005498     0.001840     0.016904
    48.720746     0.001502     0.003327     0.001602     0.011360
    48.795578     0.000979     0.002284     0.001529     0.008606
    48.870410     0.000787     0.001949     0.001509     0.007702
    48.945242     0.000705     0.001764     0.001537     0.007307
    49.020074     0.000665     0.001661     0.001599     0.007185
    49.094905     0.000666     0.001600     0.001586     0.007039
    49.169737     0.000691     0.001439     0.001317     0.006202
    49.244569     0.000649     0.001181     0.001003     0.005016
    49.319401     0.000533     0.000914     0.000699     0.003759
    49.394233     0.000383     0.000648     0.000427     0.002533
    49.469065     0.000246     0.000411     0.000198     0.001466
    49.543897     0.000122     0.000210     0.000039     0.000620
    49.618729     0.000031     0.000062     0.000000     0.000156
    49.693561     0.000000     0.000002     0.000000     0.000004
    49.768393     0.000000     0.000000     0.000000     0.000000
    49.843224     0.000000     0.000000     0.000000     0.000000
    49.918056     0.000000     0.000000     0.000000     0.000000
    49.992888     0.000000     0.000000     0.000000     0.000000
    50.067720     0.000000     0.000000     0.000000     0.000000
    50.142552     0.000000     0.000000     0.000000     0.000000
    50.217384     0.000000     0.000000     0.000000     0.000000
